volumin:4.1014;310.2007;2216.5000;2217.4707;2218.4418;2219.5388;3208.1147;4602.4535
von:11.204,679;155.79,237;276.885,1060,1638;414.36;421.195,1213,1321;444.264;451.58,132;452.34,107;455.379,1115;590.152,544,802;639.5378;687.278,295;728.835;764.284;782.801,1074;830.25;1020.77;1074.1056,10381;1198.8205;1202.77;1208.23,94,189;1209.99;1244.98,201;1255.188,1174;1264.77;1272.554,654,735,1425,1470,1636;1310.1046;1333.64;1366.74,999;1428.91;1458.5378;1483.374,1590;1499.196,306;1538.403,434,522;1561.785,2356;1604.469,500,604,1295,1741,2105,2954;1626.775;1828.257,361;1917.1747,1807,1928,2042,2760,3276,3894;1939.4302;2009.1732,2117,2333,2660;2181.116;2185.490,905,1332;2301.227;2346.1864;2348.2500;2356.16087;2373.3358;2382.10151,11033;2383.40,3006;2439.500,615;2468.37;2503.37;2651.298,357,409;2668.250;2683.250;2684.286,346,411;2690.370;2779.549;2801.2576;2804.165;2806.274,1374,2835;2814.1087;2820.1157;2829.3685;2857.4754;2858.562;2895.1134;2898.956;2914.543;2925.13707,22148,32584,40133,40313,40620,44535,45371,46449;2937.1019,1351,2179;2946.2310;2948.1398,1806;2949.1559,2012,2515;2950.202,1011,1694;2951.1614;2952.1262,1669,1857,2580,2940;2953.739,1733;2954.2416;2955.922,2394;2956.635,1961;2957.883,1614,3143;2965.3669,4215;3068.702;3071.302,1734;3075.1032,1503,1638,1674,1913,1960,1985;3124.1035,1244;3128.365;3172.1442;3180.257,396;3199.665,1525;3216.745,1274,1410,1638,1724,1929;3221.1367,1454,1488;3245.736,1283,1948;3275.1491;3365.1445;3422.58,300,1547,1654;3436.374;3528.3694,3854;3529.2829;3530.2988;3531.2888;3533.2468,2564;3534.2770,3134,3339,4207,6549,6626;3535.2327;3536.2249;3537.2171;3538.2641,2785;3646.61,889,928;3699.320;3719.521;3903.2455,2513;3940.519;4133.26;4481.490,1392,1495;4567.105;4568.217,247,345,633;4569.431;4570.872;4572.917;4639.1149;4683.1002,1595,2167;4735.583;4736.1136;4742.131;4990.88
vorkommenden:11.1625
vor:11.1625,2188;421.289,908;1244.333,821;1272.1229;1604.1503,1583,1950;2439.496;2946.604;2949.670;2950.1186;2954.713,1007;3075.1614;3128.167;3528.522;3529.571,1444,2215;3530.2142,3010;3531.1695,2235;3534.2826,6248;3535.797;3537.1098;3538.561;4570.475;4571.322;4572.70;4733.492;4735.473
volcan:12.1100;1097.2404;1099.2374;1464.8788;2030.920;2032.1340;2061.1232;2065.2228;2068.4;2127.5190;2241.15595;2336.4391;2351.2714;2352.2446;2356.8764;2417.3394;2421.227;3877.9479;3948.902
voucher:15.21720;71.13207;199.12257;209.827;244.947;245.527;246.522;247.498;249.1272;250.4715;251.560;252.238;253.438;254.657;255.675;256.180;257.408;258.455;259.265;260.299;261.291;262.622;263.652;266.337;271.448;272.864;320.4268,6280;349.1294;633.82;789.269,533;836.662;912.416;1108.2909;1119.546;1120.566;1121.554;1122.558;1123.548;1124.552;1214.4955;1291.293;1314.83;1402.644;1409.1799;1444.11527;1456.74;1464.6165;1609.1090;1645.243;1655.251;2014.513;2238.1092;2320.4264,4349,5407,5530;2376.5314;2562.271;2566.217;2567.212;2571.247,523;2583.1477,5754;2584.786,6122;2585.1595;2594.1596;2611.2620;2931.1704;2933.293;3009.433;3018.228;3127.6712;3312.1052;3315.2814;3336.4000;3352.1221,1415;3425.1047;3431.326;3433.357;3438.515;3515.2560;3857.219;4484.1886;4486.5885;4651.572,655,772,909,1060,1184,6206,6295;4663.346;4664.346;4669.155;4744.1575,5867;4746.8453,15288,15402,17732;4749.181;4750.168;4752.935;4757.309;4761.320;4785.312;4811.332;4854.279,358;4857.9004
vladykov:30.6206
volschenk:33.290;2559.2335
vrta:34.745;36.2910
vomer:71.3384,14139;112.1745;115.2171;124.5190;125.8135;129.11307;135.6296;138.10981;139.6637;141.6488;142.4558;149.3626;151.10101;152.4587;154.5295;226.5287;790.1632;795.4432;796.1633;797.2261;798.2149,5050;799.1564;800.959;801.2467;1996.15641,15920,25720;3452.12217;3959.2197;4752.53062,53607
vpd:71.3391
vomerin:71.14139;199.2102;790.1632;791.4364;792.3359;793.4671;794.836;795.7131;796.1633;797.2261;798.2149;799.1564;800.959;801.4906;1368.3107;1455.3727;1847.1350;1849.4035;1996.25720;2024.4130;2327.4307;3127.598
volum:98.3854;310.27566;311.521;366.390;2261.427;2262.419;2263.518;2618.656;3103.531
vocal:199.13842,13922;212.539;1368.10986;1563.19232;1847.1438,4309;1848.2230,6398,6486;1849.1615,4526,4605;1931.1241;2327.4371;3127.2374,5534,8199,13976,14099;3340.4850;3959.2299,2321
volpi:214.517;3439.626
vms:237.3058,4091;706.5166,7195;3411.2582;3482.2288
vogel:241.438;358.270;360.2630;361.1079;362.2398;368.613;373.1623;506.2275;595.176;673.243;1277.364;2518.13167;3297.305;4858.396
vollesen:249.2014;252.322;258.603;272.1241
vorgebirgsbuschwald:258.107
vogesen:276.1490;421.1018;444.915;3199.1397
volven:307.1558;309.87;311.83
volen:310.24442;311.1982
vnmn:350.260;353.104;354.107;2114.2494;3944.2052;3945.1103;3946.2149
vri:354.1402;4740.5391
volubili:377.21640
vos:398.2815;1597.3601;3167.957;3172.828;3173.216;3174.247;3175.61;3411.2650,2697;3482.2361,2408;4550.1705
vorstehend:421.289;3033.289
vorhanden:444.120;1251.502,627;1366.144;1561.827;1626.245,495,1221;1917.4148;2937.257,321,527;2946.1423;2949.1824;2965.2847;3071.252;3124.505;3245.2126;3275.1669;3532.3658;4481.139;4735.1227
vol:456.2969;722.51;986.201;1276.161;1484.427;1490.62;1514.118,222;1519.58;1964.1892,2829;1968.2931,3172;1996.2750;2114.356;2261.427;2263.518;2421.100;2640.455;2694.79;2925.40677,43945;2934.130;3304.113;3403.97;3683.1378;4489.170;4681.116;4704.7861;4853.97,340
volga:485.347;2475.107;3403.185
volcano:501.9006;1941.2336;2059.6006;2068.734;2069.975;3180.103;3879.158,682,17158,17298;4463.9464,9573;4464.9401,9513;4465.10161;4466.128;4467.174,386;4468.8716;4469.148,311,5958,8020;4470.192,401,537,654,786,925,1068,1223,1370,1504,10743,10786,10926,11021;4472.167,338,454,591,737,867,8968,9100;4653.3206
vomeracea:502.12
vomeraceum:502.75
voge:506.5871
vowel:538.1960
vlphb:582.490,2426
voixem:588.379
vrdal:624.-1;2634.-1;3709.-1
voxencollinus:687.96
vorspringenden:687.137;728.258
vorn:687.347;728.794;764.584;1255.430;1917.789;2947.740;2952.1871;2955.630;3033.462;3365.465;3528.784;3529.2478;3530.3175;3531.2872;3532.3038;3534.6248;3535.797;3538.561;3942.50;4481.494;4734.365
vom:687.640;1333.469,486;1561.1195;1917.1027,1240;2946.764;2956.1081;2957.1141,2442;3216.475;3528.3485;3534.3020;3535.2737
voetii:696.140
volta:713.3629;2518.10519
volsella:716.979,1041;1205.696;2315.914;3309.13090,13493,14195,14230,14315;3328.9682,9872;3462.397,454;3479.2472;3708.478,740,806,2685,2816,2835,3453,3559,3697,3859,3941,4228,4312,4888,4925,5014,5045,5190,5433,5655;3709.5953,6021,6085,6162,6259;3953.3078;4604.2087,2175;4605.2650,2816,5158
voo:726.194
voeltzkow:728.1420
vollkommen:764.1400
volker:784.2713
vppu:969.3982
vote:1094.-1;3645.426
vob:1096.378;1101.373;1116.409
volynkin:1132.1873;3166.818;3169.614;3171.792
vorontsov:1195.1308;1490.394;4931.456
vora:1216.148;1219.120;1222.112,128
voss:1279.1083;1401.456;2139.135;2934.865;3267.1721;4548.28;4549.1075;4550.1152;4843.575
vlietbo:1280.2092
vlaanderen:1280.2704
vlaam:1280.3338
vrydagh:1293.607
voisin:1309.1200;1529.3311;2701.267;2721.545;2737.437;2757.225;2766.156;2769.418;2783.419;2825.400;2827.1278;2829.4330;2854.4184;2869.787;2895.920;2896.39;2902.333;2914.980;2997.27;3270.2219;3349.114;3416.1645;4729.55
vormela:1325.0
vrs:1444.2468
vrcibrad:1474.34
voy:1484.196;3304.76;3495.544
vole:1519.7725;3403.1883;4712.218
voellig:1561.365;1917.3211,3734;2965.705,2779
vorhergehenden:1561.1393;3531.2896
vorgezogen:1561.1808
voi:1563.7222,8192;3944.11
voultsiadou:1602.525
vorliegenden:1604.1503;2947.1499;2949.670;3533.2752;3535.2796;4572.832
vorspringt:1604.2246
vorkommen:1604.3721;3075.2227;3216.1400;4570.953;4571.236
vjetrenicensi:1721.11588
volusia:1837.107
vlug:1902.4142;1904.8113
volozhin:1903.7683
vladivostok:1904.8789;3589.788;3634.328;3638.285;3908.2441;3914.4498
vji:1924.1749
vrm:1924.2410
volumineux:1961.470
vomeropterygoid:1966.1385
voic:1981.1798
vorder:2009.2487;2950.1329;2957.1090;3330.280;3528.3176;3533.220;3534.2826;3942.89
volki:2024.18259,19751,20301,20385,21043
vleck:2053.14030
vossel:2105.1554;2109.925
vnigrum:2123.-1
volt:2160.2719;3505.1607
volcell:2174.1417
volan:2214.7
vrtestolna:2247.-1
volkameria:2254.51
vrzea:2297.-1;2298.-1
vogelkop:2372.3348
vostochnyi:2449.368
voir:2522.858,1970;2846.87;3001.503;4477.613,2689
vohiparara:2545.1195
voconia:2565.6;2572.0;2573.239;2574.125;2575.0;2576.0;2577.0;2578.0;2579.0;2580.0;2581.0;2582.0;2583.0;2584.0;2585.0;2586.0;2587.0;2588.0;2589.0;2590.0;2591.0;2592.0;2593.0;2594.0;2595.0;2596.0;2597.0;2598.0;2599.0;2600.0;2601.0;2602.0;2603.0;2604.0;2605.0
vomit:2618.881
vritabl:2702.-1;2743.-1;2746.-1;2748.-1;2784.-1;2788.-1;2807.-1;2820.-1;2856.-1;2860.-1;2894.-1
volonti:2704.717;2706.1439;2735.657;2795.772
vraiment:2710.672;2755.705;2760.3707;2774.583;2784.154;2826.4600;2829.3350;2831.1026;2846.783;2859.3762;2876.353;2895.2501;2897.3625;2908.1401;2909.171;2917.3701;2925.14737,17060,18021,25410,25499;2926.434
vrai:2719.918;2727.7182;2743.2239;2756.312;2799.192,461;2863.949;2870.152,964;2871.350
vraisemblabl:2748.1438;2925.27826
vrifier:2800.-1
volutif:2834.1693
vla:2852.-1
vrit:2857.-1;2870.-1;2916.-1
voulu:2910.1137
voit:2925.7297,10507
vorstellungen:2925.32461
voyag:2925.34594
vollenhoven:2931.251;3172.1051;3292.128;3733.22
vorderrand:2946.711;2949.1576;2950.338;2952.1917;3128.167;3193.383
vorhandensein:2946.2591;2955.2420;3533.2550;3534.5966;3538.2228
vollstndig:2948.-1;2954.-1;3528.-1;3530.-1;3532.-1;3534.-1;3536.-1
vorderhfthhlen:2948.-1
vordercoxen:2948.1469;2955.1202;2956.919;2957.1717
vllig:2948.-1
vorderkrp:2949.-1;2951.-1;2953.-1
vorbereitung:2949.2382
vorderen:2951.802;2954.713;3128.839;3528.522;3529.571;3530.850;3536.664
vorwlbung:2951.-1
vorderrandeinschnrung:2952.-1
voneinand:2965.808;3071.302
vorlaeufig:2965.1307,1541,3896
vorliegen:2965.1630
vollstaendig:2965.2072;3075.296;4875.1360
vorgelegt:2965.3740;4572.958
vollkommenen:2965.4430
vorderleib:3033.180
vorwiegend:3068.597;4570.633
vorhandenen:3128.875;3534.6282
vorgetaeuscht:3128.1273
voet:3172.1947
voitk:3209.3021
voltz:3240.57
vmnh:3260.4702
vorderkopf:3330.965
voltin:3336.3312
voisinag:3379.149
vohralk:3403.-1
vlllier:3416.89
voigt:3465.6263;3696.53
vrattsata:3497.297
vladaya:3497.865
vorderschenkel:3528.3132
vordertarsen:3531.308;3533.220
vorliegend:3531.2235;3537.2602
vorderseit:3532.1484
vorderbein:3535.370;3536.538
vorigen:3538.2649
vladimiret:3574.5406
voronki:3574.5439
volkovich:3576.649
vries:3589.7111;3591.8355;3944.8118
volovsk:3616.88
vrchi:3616.97;3955.822
volovec:3616.123
vogt:3647.4146
vlamingh:3795.1770;3819.1008
vlissingen:3823.4809
vorobyeva:3823.7640
volcn:3862.-1;3866.-1;4650.-1;4651.-1;4652.-1;4653.-1;4879.-1;4881.-1;4888.-1
vorhiesi:3877.2933,2977,3147,3354,3557,3809,5725,5753
vochysiacea:3917.1762;3919.3407
vltavou:3951.1396;3956.727
vockenberg:3952.1590
vlgi:3955.-1
vokoka:3962.1404,1909
volhynica:4133.54
volhynian:4140.173;4154.108;4155.298;4169.68;4173.143;4177.225;4184.274;4251.465;4289.150;4299.601;4309.195;4407.190;4409.1472;4431.294;4432.59
volkova:4251.352;4289.56;4431.259
vossi:4548.9,644,4731,5069,5186,5224,5502,5916,6788;4550.1705,1781,1829,6966,9010,9134
voss’:4548.28
vorarlberg:4567.109;4568.452;4569.394;4571.260
vohimena:4577.2126
vogler:4659.1001
voiotia:4710.1268
vorderflgellng:4733.-1
vorspringend:4733.492;4735.801
vorderkant:4733.551;4735.538
vorderflgel:4735.-1
vorsprung:4736.395
volitan:4752.14976
vlachina:4876.2214
vpic:4940.13592;4945.10445;4946.12028;4949.8338;4950.6889;4953.11784;4956.7884;4958.12517;4961.11418;4967.6643
vpi:4958.12517
vrevo:4983.6808