queensland:4.7707;7.782;606.268;609.301;715.832;783.68;784.3001;1118.2867;1367.501;1385.168;1573.2430;1668.4144;1697.112;1700.4170;1704.349;1705.379;1708.375;1717.6072;1728.358;1729.255;1730.114;1731.268;1733.534;1735.365;1736.321;1737.261;1738.1283;1739.374;1740.249;1744.68;1749.344;1750.360;1752.298;1755.393;1756.519;1758.146;1759.176;1761.153;1764.360;1765.134;1766.210;1767.226;1770.229;1774.205;1775.311;1886.4046;1890.4602;1894.4080;1896.3481;1897.5121;1898.2965;1910.12439;2369.3398;2372.3945;2381.2281;2565.7652;2587.1258;2588.1153;2598.936;2602.1678;2604.1026;3136.985;3138.1309;3143.2743;3144.996;3145.1359;3146.2010;3149.894;3150.1295;3152.456;3157.1012;3185.2214;3321.119;3479.6479;3542.3578;3761.843;3769.872;3778.1014;3780.1136;3784.836;3824.1081;3831.1585;3834.1234;3835.939;3841.1173;4940.21858;4958.18343;4961.20168;4966.6284;4972.6845
quarri:12.799;227.1078;1970.71;2247.4903;2444.69;3006.6026;3370.19174
quintana:12.972;142.643;244.1933;254.166;423.1304;2030.2035;2420.194;2434.473;2436.691;3392.295
quit:15.16284;30.14025;36.3477;71.15214;100.1087;124.7168;182.6172;224.14726;226.3129;229.3691;230.2447;248.1392;309.782;310.10406;311.564;347.975;348.2361;361.2462;456.2314;506.6082;560.3336;561.3065;565.1521;606.20040;632.3683;681.714;686.2642;726.3730;759.5990;791.2659;792.8567;793.6760;795.9540;1083.2372;1119.1322;1201.2448;1208.2619;1210.2177;1369.976;1462.625;1464.1049;1486.2248;1563.32238;1611.2708;1934.9980;1935.8306;1946.461;1947.1587;2055.2889;2104.483;2121.1139;2122.5450;2130.6861;2132.4570;2133.212;2145.944;2161.3814;2162.3884;2198.2841;2199.5863;2200.966;2202.9023;2208.3588;2215.3440;2326.9183;2399.4010;2424.4330;2426.639;2429.3920;2430.3073;2434.1853;2559.2281;2620.2768;2933.3375;2981.2177;2982.2400;2985.1962;3019.351;3028.3496;3054.17619;3065.2326;3091.1252;3101.905;3178.528;3179.1691;3208.1845;3377.2142;3412.1572;3431.2842;3445.2299;3478.788;3485.285;3542.1901;3554.472;3555.2663;3582.4740;3599.1663;3623.3152;3630.14288;3648.2191;3779.310;3799.562;3833.4999;3875.3480;3905.13477;3906.2495;3907.7998;3962.3823;3964.3618;4468.8120;4484.9012;4494.7298;4527.974;4561.996;4618.11903;4639.1838;4646.8109;4883.4684;4893.6996;4894.5231;4920.9118;4933.577;4953.6661;4954.1052;4971.5351
quadrangular:15.17076;36.2706;447.5775,6491;449.1546,2604;452.1021,1399;453.1803;467.9288,10434;501.7352,8567,8612,12771;970.6225;974.5622;1086.7513;1133.1256,3304;1143.3463;1611.5494;1953.9676;2183.700;2511.1706;3069.1628,4599;3361.626;3364.531,620;3605.11099;3745.1392;3868.1745;3869.1375;4469.7236;4592.3615,3880;4646.765;4994.5125
quadrangl:18.2060;32.2424;33.2206;34.1889;36.2098;783.1286;784.898;3521.2757;3747.1623
queen:19.76;377.20301;619.906;710.231;737.7231;738.7774;770.85;1247.306;1301.243;1309.378,2087;1369.50;1424.54,753;1432.3850;1511.47,96;1573.2618;1689.71;1946.2250,2558,2911;2111.7447;2160.1147,5563;2203.88;2446.1162;3165.1263,1986;3208.2064,2478;3328.10939;3345.637,1694;3349.63,1457,2434,3961,4087,4254;3505.32;3701.72,163;3967.7246;4477.33,1098,1129,1713;4577.6041;4680.2226;4720.58;4744.23820;4752.58783;4930.1304;4958.14055
quseir:23.4887
quantit:23.6536;391.5702;2227.2388;2382.13061;2383.756;2384.596;2846.-1;2925.11614;2972.4012;3049.3788;3823.1993
question:26.3169;98.3678;226.8531;310.5400,6338,7006,8578,23262,24779,24953,27397;473.1821;476.9755;561.5005;686.660;766.12454;798.13476;986.6125;1054.3628;1057.528;1081.3653;1192.4622;1279.1369;1309.2287;1401.732;1402.724;1434.11995;1490.938;1492.284;1563.7711;1964.5871;1983.124;1996.1425;2104.366;2125.5391;2135.5242;2139.444;2162.5476;2175.112;2193.2089;2326.11653;2518.20980;2538.1801;2549.7206;2550.4644;2982.13845;2983.4151;3049.14720;3054.12923;3089.11224;3235.79;3367.116;3372.41;3465.8102;3555.2545;3569.27601;3606.502;3823.3124;3896.1077;3964.5867;3966.3672;4419.3491;4484.10164;4563.3229;4704.8945;4708.6594;4784.417;4787.70;4940.6454;4953.5987;4972.5551
quintanilla:26.13805
qumsiyeh:47.1531
quadrat:65.1754;71.17794;124.4793;174.2323;351.262;438.588;516.1055;523.683;545.5947;632.4812;730.5010;755.5976;1037.2096;1057.1024;1074.4715;1167.3233;1170.2094;1335.1638;1482.994;1486.1252;1602.6143;1721.13567;1723.976;1973.41;1996.19028;2021.2728;2123.3511;2136.3671;2239.5754;2241.5485;2243.5861;2337.1254;2338.1375;2340.1563;2356.1948;2419.2958;2448.4270;3024.7340;3452.10171;3648.1708;3685.4236;3707.1617;3914.1676;4032.1993;4039.2567;4541.7049;4542.5039;4543.2465;4645.776;4646.3988;4651.2147;4716.1773;4879.1764;4881.1533;4897.238;4930.453
quadrivirgata:71.8036,9425,23197,24618,24787,24873
quatuorlineata:71.8118,9509,23268,23909,24128,24360,24484
quail:71.28643,28653
qsbg:85.228;805.4646;1879.7276;1891.6557;1912.4125;3438.102
quarter:134.2466;138.9836;346.1592;378.675;443.1419;467.1352,3669;501.7948;516.849;521.2196;533.1865;538.1186;545.4966;606.3519;639.1103,2602;655.1547;732.4112,4192;798.5941;1002.2399,2494;1045.4240;1146.7838;1171.2024;1231.1009;1743.1128;1770.1070;1996.15946,41946;2140.1131;2206.12985;2251.2968;2307.5220;2318.328;2336.837;2344.479;2345.467;2347.469;2348.702;2351.471;2352.413;2353.596;2354.489;2355.696;2363.2490;2364.1991;2367.2426;2381.1303;2449.1201;2450.883;2451.1246,1327;2452.3985;2510.934;2526.6298;2549.3916;2572.3003;2575.3425;2576.3681;2581.2649;2582.2921;2587.2899;2595.2245;2597.2198;2604.2762;2686.1657,1821;2945.6916;2989.1951;3451.3286;3465.7421;3680.1548;3681.1621;3687.2496;3756.2226;3872.6010;3886.7281;3888.6370,6447;4093.240;4464.2545;4466.6332;4541.2565;4542.1625;4669.1109;4840.342,577,812,6003;4867.2788;4994.1965
quadriguttatus:148.3098;158.613;159.235;2920.10,49;2923.257,371;3183.1662
quadrilobata:150.1299
quadratum:155.5185
quadrispinosus:167.1574,1792,2696,2972,3589
qualit:168.1676;227.2756;1563.1240;2227.2372;2382.13045;2383.1553;3823.2053
qualiti:215.1527;606.12647;1653.1203;2032.3597;2037.4813;2044.2600;2186.7865;2695.998;2984.13175;3366.5183;3370.18996;4460.903;4620.8318;4752.76888
quebrada:260.354;567.1077;714.9401;1091.2484;1093.1506;1117.2966;1549.958;2130.5986;2134.3542;2144.5614;3077.5294;3261.3058;3315.4129;4564.2472
quinquepunctatum:301.7
qualifi:310.10679;1004.4184;2376.14641;2925.-1;4857.18376
que:314.1602;1087.600,652,764,1257;1309.85,173,300;1424.54,101,246,349;1529.98,122,313,495,584,899,995,1180,1431,1578,1636,1697,1841,1849,2069,2107;1573.139,143,188,496;1961.179,361,781,829,1047,1266,2694,4035,4208,4612;2174.289,400,455,480,612,669,739;2519.701;2521.1254,1942,3604;2522.17;2701.313;2702.101,459,469,566;2704.529;2705.492;2706.487,632;2707.396;2708.455;2710.559,689;2711.996,1313,1862,1889,1993,2055,2134,2287,2621,2788;2712.678,740;2713.138;2714.259;2716.330;2717.766,805;2719.380,434;2720.473;2721.182;2722.541;2723.478;2724.594,649,665,678,716,765,807,1317,1634,1638,1945,2313,2352,2383;2725.114,299;2726.395;2727.776,1172,1254,1322,1362,1739,1749,1870,2191,2395,2431,2496,2536,2601,2850,3040,3080,3121,3649;2728.80;2729.394,500;2730.109,156;2732.359,1096,1446,1508,1577,1801,2233,2267,2477,3254;2733.577,600,714,1271,1281,1621,1675,1762,1847,1895,2327,2347,2408;2734.1261,1293,1493,1533,1586,1601,1632,1700,1800,2033,2345;2735.392,413;2736.546,861,1078,1592,1652,1673,1773,1848,1872;2738.274,835,839,949,979,1015,1231,2019,2050,2088,2119,2161,2237,2283;2739.268,291,2588,3011,3436,3440,3977,4008,4064;2740.548,692;2743.708,873,1204,1241,1406;2744.294;2748.377,582,852;2749.540;2750.474;2752.332;2754.789,964,1039,1205,1250,1853,2111,2330,2561,2796;2755.578;2756.520,619;2758.485;2759.1000,1688,1991,2124,2682,2764;2760.595,828,1574,1700,1849,2180,2243,2292,2352,2461,2673,3135;2761.774,1083,1290,1609,1726,2086,2096,2623,2676,2713,2742,2794,2857,2897,2983,3030,3321,3620,3665,3702,3746,4092,4453,4682,4860,4992;2762.578,811,854;2763.381,418,1008,1036,1144,1349;2764.424;2765.459;2766.325;2767.641,1618,1840,1861,1929,2004,2029,2112,2171,2521,2739;2768.417,2255,2438,2558,2645,2700,3111,3311;2770.477;2773.54;2774.332,336,348,474,504;2775.596,930,1045,1851,1984,2064,2085,2124,2177,2262;2776.585,717;2777.816,1304,1471,1492,1535,1610,1662,1707,1747,1835,2093,2149,2712,2716,2788;2778.122,243,463;2780.461;2782.95;2786.413;2787.284,308,395,582;2788.173,262,365;2790.197;2791.839,1616,1671,1707,1857,1960,1995,2184,2550,3399,3775,3904,4002,4249,4328,4501,4565,4741,4950,5411,5462,5794,5842,5890,6523;2792.521;2794.532;2796.177,260,493,537,586,656,810;2799.185,269,381,433,615,886,970;2800.435,922,1691,1712,1775,1818,1935,1980,2494,3023,3308,4234,4238,4262,4420,4865,5132,5159,5666,6343,6746,6793,7098,7129,7334,7381;2801.458,531,1994,2198,2391,2826,3090,3094,3726,4146,4436,4590,4686;2802.953,998,1374,2937,2965,3021,3121,3184,3259,3793,3909,3923,3982,4019,4296,4399,4683;2803.56,81;2804.242,282;2805.905,1121,1211,1523,1812,1920,2487,2601,2718,2785;2806.70,566,607,668,713,804,934;2807.483,790,794;2812.325;2818.495,632,693,709;2819.384;2820.278,810,869,2157,2253,2351;2821.974;2823.239,867,1150,1209,1768,1906,2356,2461,2541;2824.782,1162,1198;2826.312,1540,1962,2206,3284,3313,3408;2828.932,1014,1018;2829.405,630,662,851,1184,1450,1653,1705,1782,1817,1859,1910;2830.70,165;2831.547,853;2833.703,1104,1116;2834.1343,1908;2835.566;2837.62;2840.57;2841.399;2842.63,155,171;2843.80;2844.291,788,820,1039,1431,1864,2038,2070,2074,2666,2714,2763,2789;2845.205;2846.272;2847.694,729,1044;2848.116;2850.144,181,301;2851.541;2853.78;2854.1405,2593,2687,3002,3195,3337;2855.192;2856.344;2857.456,624,919,1062,1253,1269,1544,1588,2216,2247,2373,2429,2547,2706,3056,3111;2858.691;2859.344,852,995,1251,1290,2466,2514,2570,2607;2860.374,562;2863.305,331;2865.798,898,1039;2867.557,816;2869.464,726;2870.711,730;2871.297,324,384;2873.267;2874.109,230,1252;2879.481;2880.384;2882.724,799,1313,1598,1636,1881,2360;2883.875,990,1228,1254,1733,2558,2629,2727,2798,2859;2884.501;2885.345;2887.318;2888.314,357,405,423;2889.520,526;2892.367,443;2894.235,689,870;2895.559,880,932,1347,1585;2896.348;2897.1075,1181,1635,1709,2088,2148,2199,2230,2245,2297,2399,2478;2898.59,435;2900.322,886,1144,1217;2901.200,480,519,561,612;2902.430,529;2903.611;2904.126,170;2905.52,75;2906.376,380;2907.35;2908.493,809;2909.86,90,281;2910.425,729;2911.393;2912.1001,1054,1079,1145;2913.329,1491,1495,1951,2509,2567,2632,2668,2724,2824,3266,3314,3936,4372,4703,5159,5767,5803,5854,5888;2914.491,495,680,736;2915.403,464;2917.679,712,1379,1501,1762,2117,2200,2428,2491,2587;2920.282,288;2925.99,436,501,791,986,1207,1281,1392,1451,1746,1812,2619,2686,2757,2963,3018,3031,3209,3444,3501,3727,3769,3853,3941,4231,4832,5085,5519,5703,5774,5832,5943,6194,6355,6632,6757,6805,6961,7307,7690,7812,7826,7890,7983,8116,8758,8878,8994,9068,9128,9445,9840,9983,10523,10596,10783,10870,10912,11598,12000,12141,12203,12290;2995.199;2997.194,295,526,1162;2998.45;3000.1082,1378,1476;3165.136,271,502,565,751,806,933,956,1090,1166,1263,1336,1375,1455,1550,1572;3270.211,215,391,641,938;3349.63,164,192,336,463,591,720,1028,1280,1297,1457,1686,1771,1794,1828,1892,2073,2087,2434,2548;3360.313,721;3416.359,449,906,982,1016,1056,1153;4477.33,213;4489.195;4996.74,78,133,143,174,479,512,585
quoad:319.160,320
quy:350.1562;353.858;354.850
quang:353.130;354.133;990.574;991.1481;995.877;999.1020;1003.1280;1004.709;1005.1610;1008.880;1010.552;1011.350;1012.813;1013.2029;1016.1362;1269.795;1458.894;1525.1382;1891.9029;3010.93;3946.8268
quois:361.10111
quadrilater:402.2131;1070.1361;3364.256
quiquecostulata:436.12,61,370,500
quinarius:467.5901,6368,6565,6701,18419
quadr:479.172,190;1246.207,333
quadriden:521.6535;525.6006
quinquelineatus:523.2592;4167.1078
quercus:523.2700;539.33948;605.1439;710.799;986.3694;1611.4257;1617.866;1619.507;1622.369;1834.898;2029.1941;2193.2227;2247.12164;3069.9314;3184.619;3221.0;3301.4155;3332.179;3605.139;3648.5216;4004.373;4005.268;4723.274;4854.176;4876.1568
quadrituberculatus:533.9447,26379
queenslandi:537.4750
quadridentatus:539.25429
quentli:559.823
quijano:565.739;567.5457;3865.448;3874.385;3875.1090;3884.1596
quantiti:567.3341;2382.14743;2383.960
quilpu:567.5888
quilombo:674.171
quiroz:692.96;704.99
queri:707.3112;1437.780;2989.7955;3940.4523
quir:714.3443
quick:732.7306;998.3105;1151.5191;1154.703;1160.2967;1161.3861;1163.3544;1169.2442;1663.93;2550.1889;3184.4019;3301.1163;3335.9079;4857.18482
qualicum:751.701
quincuncialibus:753.80
quod:753.223
quam:753.63;2160.1195
quebec:758.2017;813.102;834.266;835.114;840.160;844.318;863.216;875.124;877.361;893.248;908.206;941.103;954.110;1345.775;1441.40;2128.4538;2317.1512;3498.10975;3517.716;3596.421;3785.3734;4941.9789;4946.13804;4949.7495;4953.13512;4958.12266;4961.12391;4963.6711;4984.6025
querbogig:764.831
quagga:765.702,873;766.33,78,3657,8481,8558,8979,9144,9736,10089,10228,10618,10882,11002,11071,11417,11482,11689
quilon:766.411
quadrimaculatus:804.44
quieta:877.13,2324;880.392
quadrituberculata:914.8
quadriseta:986.6425;1841.1193
quo:987.127
quoc:1014.318;3945.1023;3946.2124
quadratojug:1055.1372;1964.820;1981.437;1996.236
quela:1074.14281
quadrant:1083.12522;4711.860
quadrilineatus:1083.23354;2133.193,778,1043,1241,4584,5120;2136.7138
quot:1083.38744;4754.440
quantifi:1086.16328;3370.10285;3647.8014;3960.3933
quatr:1087.1010;2521.2809;2522.1568;2700.204;2711.1920;2724.2410;2727.2458;2729.1499;2733.1646;2734.1557;2736.1704;2738.5055;2739.4035;2740.919;2743.1855;2758.527;2763.458;2767.1888;2768.2462;2773.1041;2774.714;2777.1560;2782.99;2786.316;2791.1649;2797.433;2800.1743;2801.4513;2802.2992;2810.66;2823.2384;2826.3340;2829.209;2834.1307;2840.90;2842.86;2844.4274;2848.788;2857.5874;2859.2541;2879.1320;2882.1660;2883.2656;2888.691;2908.779;2913.2695;2917.623;2925.37778
qu'epai:1087.1159;1424.303
quart:1087.1203;2174.273;2898.273;4996.463
qui:1087.1462;1309.1125,1235;1350.160;1424.856;1529.598,1829,2133,3298;1573.337,1365,1865,2069;1961.572,638,708,1094,2740,6138,6277,7166;2314.5079;2700.303;2702.739,1142,1282,1358,1951;2704.949;2706.755,817,1490;2707.453,757;2709.1110,1225;2710.939,1264;2711.3265,3552,3658;2713.305;2714.535;2716.115,490;2719.310,837;2721.430,801,860,991;2724.579,745,928,1772,2919,4012,4467;2725.75,125,260,563,702;2726.183,1006,1140,1423;2727.869,1044,1259,4316,6209,6629,7188;2729.721,821,959;2730.458,496;2731.138;2732.384,3613,4516;2733.461,3663,3777,3854;2735.406,597;2736.217,332,2322,3195,3341,3575;2737.1297;2738.2171,3994,4206;2739.1907,1975,2579,7015,7837,7903;2740.621,718,895;2741.329,428;2742.413,578;2743.497,682,1462,1748,2117;2744.318,353,671,1258;2745.346;2748.857,1489;2752.353;2753.316,562,596;2754.438,694,1236;2756.371,578,776;2757.468,555;2759.536,591;2760.507,833,2302,4152,4327;2761.1407,1640,2804;2762.1033;2763.266,532,1806;2764.682,959;2765.721;2767.426,565,804;2768.599,637,3980;2770.760,1082,1124,1203;2771.515,555;2773.647,944;2774.696,786,910;2775.1547,2187;2776.610,788,1102;2777.896,1966,3071,3761;2778.328,363,440,563,671,783,822;2780.441;2781.54,259;2782.114,258,327;2786.861;2787.481;2788.447,903;2789.305;2790.562,711,876,1250;2791.305,3946,4090,4141,8845,9040;2792.591;2793.541;2794.547,709;2795.747,861,1048;2796.311,846,1498;2797.489,540,719;2798.293,352,577;2799.914;2800.561,688,3452,5596;2801.991,1047,1999,2267,2316,2476,2893,3443,5932,6676,6739;2802.876,1354,2503,5412;2804.206;2805.595,682,911,1445,5495,6139;2806.123,298,422,1702,1959,2195,2289;2807.586,878,1303;2810.303,770;2811.916;2813.758;2814.400;2815.300,319,495;2816.703;2818.380,896;2819.417,1289;2820.637,2564,3248,3680;2822.260,359,446,486;2823.828,1285,3800,3968;2824.907;2825.469;2826.1244,1316,1499,1784,3713,4905,5144;2827.1833,2263;2828.1251,1622,1771,2002;2829.228,312,478,562,607,2204,3203,3302,3398,3468,3864,4164,4233,4349,4575;2830.122,263;2831.1385,1452;2832.1383,1424;2833.1039,1943;2834.1636,1989,2060,2204,2967;2836.298,674;2838.87;2839.373,740;2840.340;2841.77,162,242,330,426;2842.49,135,396;2843.774;2844.741,1143,1348,1800,1943,1973,2799,4289,4361,4525,4828,6103;2845.131,652;2846.1708,1918;2847.638;2848.752;2850.235,272;2851.794,872;2855.574;2856.550,823;2857.817,1261,3995,4616,4645,4942,5129,5225,5270,5562,5651,5717;2859.1307,6013;2860.359;2861.560;2863.474;2864.322,448;2865.762;2866.739;2867.393,1227,1614;2868.976;2869.668,916;2870.118,352,470,753;2871.218,357;2873.433,536;2874.374,616,794,924,1167;2875.1068,1096;2876.178;2877.427;2878.74,167;2879.631;2881.410,722;2882.575,3089,3241,3466,3589,3686,4018;2883.1098,1767,3304,4100,4247,4746;2884.285,333,465;2885.788,1065;2888.1222;2890.598;2891.643;2892.569;2894.263,942;2895.799,1145,1281,1499,2092;2896.119,220;2897.651,2830,3608,3763,4501,4982;2898.313,459,697,966,1160,1357,1407,1837,2129;2900.414,833,949;2901.340,622;2902.253,373,696,1014;2903.729,1138,2038;2904.225;2907.151,533;2908.200,353,595,1867;2909.266,542,905,1024,1402,1518,1876;2910.110,429,525,622,949,1126,1195,1409;2911.935,1025;2912.1234;2913.1201,1837;2914.354,554,602,917,1027,1415;2915.125,209,489,709;2916.661;2917.788,4950,5023,6677,7166;2925.990,1141,1253,1408,1785,2163,2915,3357,3471,4068,4158,4853,5116,5350,5406,5690,5973,6386,6453,6673,6846,7595,8025,8382,8744,8815,9272,9667,9810,10717,10949,11283,11462,11643,12042,12241,12548,12582,13528,13553,13845,14032,14130,14322,14556,14936,15149,15320,15445,15503,16059,16704,17529,17713,18104,18401,18700,18735,18948,18983,19291,19546,19701,20360,20598,20962,21092,21679,21774,22681,24125,24173,24439,25232,25470,26716,26968,28020,28282,29055,29234,29809,29975,30673;3165.2465,2729,2782,2959;3270.688,1244,2274;3349.562,2332,4263;3416.155,1373,1584;4477.1767,2079,2266;4489.647,712
quetzal:1097.440;2333.1418;2433.558
quraishi:1119.3597;1120.6469;1122.8126
quoyanus:1121.7725,7918;4660.10147
quinqueradiata:1122.5314;1124.6382
queiroz:1131.9788;1722.54;2297.11458;2299.10948;3759.4869;3917.2113;3918.4036;4620.3742
queliman:1172.149;4960.5809
quin:1185.233;1569.4756
quadrilineata:1192.16609,16664
quadrimaculata:1193.2384
quartzit:1194.12773;3465.4488
quincemil:1202.1363
quercetum:1214.2990;2193.915
quibus:1246.685
quirlaehnlichen:1255.508
quara:1273.16
qu'ell:1309.1638;3360.1001
quoiqu:1309.1770;1573.1153;2729.1182;2815.600
quelqu:1309.1979;1529.2364;1573.139;2702.1727;2710.689;2724.1634;2738.835;2739.3436;2743.2053;2747.327;2755.767;2774.332;2777.2712;2781.357;2786.484;2787.645;2796.1794;2800.4234;2801.3090;2802.5730;2807.790;2810.286;2814.1047;2828.1014;2829.4506;2844.2070;2846.345;2848.683;2859.5287;2867.1481;2876.560;2877.401;2879.488;2904.293;2906.376;2909.86;2910.971;2913.1491;2914.491;2917.5972;2925.23206;3165.1998;3270.211
quenavadi:1316.9
quasi:1361.376,770,1850;2160.3683,3811,3949,4019,4192,4516;2261.2376;3505.1234
quanto:1361.388,776;2160.2231,3090,3701;3505.333,1619
quali:1361.1322
qual:1361.2341;2160.3227
quiescent:1420.254
quah:1457.2163;4674.11966
qu:1458.3895
quan:1458.894;2696.743;3569.6058
qubaiova:1482.792
quasiat:1519.3772
qu'il:1529.1902;1573.2576;4477.1382
quadrato:1546.67;2160.4522
quadrispina:1554.12,674,2489,3633,4843,8736
quereindruok:1561.1544
quevedo:1570.185;3261.3908;4894.3453
quili:1593.108
quaterni:1607.180
quercusilici:1613.890
quercusradici:1618.481;3605.15389
querschnitt:1626.723
querdurchmess:1626.940
quarantin:1651.5865;1669.190;1921.2503;2307.3497;2387.8445
quinquelineata:1680.830,2344,2878,3783;1702.2587;1710.4945,5426;1713.647;2016.485
quoy:1815.24;1825.2334;2167.1142;2391.296;4406.89;4752.52263
quaquaversus:1848.14424
quednau:1951.150
querci:1961.3099
qu’un:1961.6692;2702.800;2725.490;2745.598;2754.1050;2762.926;2763.1265;2788.312;2789.117;2800.4566;2806.1783;2859.5969;2860.499;2865.1115;2874.710;2879.1597;2880.419;2883.5041;2896.91;2907.126;2910.83;2917.7180,7348;2925.8059;2926.263
quadrispinosa:1963.74;2083.14,62,1232
quiba:1992.785
quadrup:1996.1088
quadrivitti:2016.388
quamash:2047.1690
quinn:2050.702;4752.102498
quadratusmerriam:2059.2794
quertaro:2070.-1
quirininho:2084.915;2092.764
queimada:2094.372
quadripunctatus:2123.21077,22127
quemado:2129.5238;4883.3660
quesada:2129.5309;2130.5423;2135.4296;2431.1120;3261.3737;4588.302;4618.4451;4879.5332;4881.3534
questo:2160.3547
quell:2160.4747
questi:2160.5324
quatro:2161.255;2429.316
quadrannul:2248.617
quedenfeldt:2251.5117;2751.22;2889.21;2925.46409
queda:2300.13565
qujiangensi:2311.9
qujiang:2311.136
quanwang:2311.532
quetzaltenango:2333.1418;2334.157
quadrifurca:2338.2269;2350.15
quaternaria:2338.6136;2340.1957;2349.15,2397
quaternarius:2349.2301
quepo:2351.3980;2352.3582;4888.4975
quadrisetos:2371.2250
quarr:2518.11202
quorra:2518.13159
quartzitiqu:2518.17253
quadraticauda:2540.332
quat:2568.136;2605.1241
quoin:2578.1051
qu’il:2700.847;2702.2345;2703.423;2722.655;2727.4640,7134;2729.1386;2732.3341,4725;2733.3266,3537;2736.652;2748.1286;2752.1149;2761.778;2765.637;2766.216,431,744;2767.863;2773.99,523;2784.469;2791.3415,8941;2792.700;2793.624;2794.858;2796.677;2801.6861;2805.1528;2806.2876;2807.1032;2815.1025,1090;2817.801;2820.1362,3466;2823.4232;2837.112;2846.1848;2850.84;2858.1455;2863.765;2869.625;2879.943;2882.3805;2884.626;2886.670;2893.746;2895.1333,2720;2898.360,1378;2909.1761;2913.4682;2917.1135;2925.29913
qu’on:2703.380;2802.1078
qu’ell:2709.1177;2732.3748;2744.495;2750.552;2791.528;2852.439;2898.233;2913.4899;2925.2823
quatrim:2711.-1;2724.-1;2727.-1;2733.-1;2736.-1;2738.-1;2739.-1;2760.-1;2761.-1;2767.-1;2768.-1;2775.-1;2777.-1;2791.-1;2800.-1;2801.-1;2802.-1;2805.-1;2807.-1;2819.-1;2820.-1;2821.-1;2823.-1;2824.-1;2825.-1;2826.-1;2827.-1;2829.-1;2831.-1;2833.-1;2844.-1;2848.-1;2852.-1;2857.-1;2859.-1;2879.-1;2883.-1;2890.-1;2897.-1;2900.-1;2901.-1;2911.-1;2912.-1;2913.-1;2914.-1;3001.-1
qu’:2720.406;2829.2855;2925.641
quinzain:2721.1182;2766.376
quantitatif:2735.275;2839.726;2846.1381;2925.17019,41524
qu’en:2736.457;2791.1309;2802.6963;2892.837;2915.1148;2917.5006
qu’au:2743.1049;2810.740;2814.1215;2925.19232
quant:2743.2071;2763.1131;2777.3234;2790.885;2791.4506;2801.1946;2857.5344;2868.988;2885.1076;2910.480;2925.5326,10607
quango:2751.92;2925.46526
quelquefoi:2773.775
qu’assez:2789.406
quinz:2804.206;2841.330
quatorz:2824.922
quarant:2879.1713;2881.272;2925.1103
qu’aucun:2917.1044
quoi:2925.9566
qu’apparent:2925.13405
qu’affectionn:2925.15607
quand:2925.28585
quadrum:2928.67
quermakel:2946.868;3530.3142
querbind:2946.939;2955.688;3534.3528
quentin:2948.1710;2953.2149
quer:2954.1118
querbinden:2955.688
quicker:2983.4489
quelchii:2991.11,1896,2040,2301,2380
quadricolor:3104.7,87,673,1106;4505.602;4525.7
quadicolor:3104.286
quasipaa:3127.16664
quel:3184.5018
quinault:3209.2233
quellkraut:3216.100
quesn:3218.343
quenstedt:3240.374
qu'un:3270.714;3349.523
quadrilob:3309.2664
querem:3315.5858
quergerunzelt:3330.383,468
querer:3330.443
querleist:3330.1130
quadratus:3333.40,169
quadrata:3333.272
quesera:3337.268
queimado:3340.1569
quaternari:3377.1067;3963.657;4657.10414
quirlstaendig:3422.320
quirlstaendigen:3422.796
quica:3425.806;4618.6662
quadraspidiotus:3427.429
quadrangul:3438.1547
queretaro:3444.1741
quinqueloba:3465.4912,4943
qudeni:3465.8855
quay:3503.674
questa:3505.507
quarto:3505.1550,1721
quiet:3512.4751
querstehenden:3531.620
querrunzelig:3536.1126
queniao:3569.15050
quadriradiata:3582.4122;3595.5162
quadraticolli:3583.261
quinata:3589.6963
quinquefidi:3598.51
quinatisqu:3627.60
quinquefolium:3627.122
quingdao:3661.717
quoyella:3903.1944
qualea:3917.1736;3919.3381
qushi:3939.5557
quatrefag:3940.391;4523.17;4531.1660;4538.1099
querteilung:3942.156
quergeteilt:3942.308
quantulus:4075.10
quadrangulus:4083.13
quadristriatus:4373.68
queue:4489.570
quizhp:4612.6817
quipuscoa:4612.7791
quinqueflora:4618.17187
quebrangulo:4657.5677
quadrilocul:4660.5277;4661.5248;4662.5266;4663.1383;4664.1778;4666.4424
quercusramuli:4723.17356
queridomus:4742.253
quisquilius:4744.6284
quadricorni:4744.28704
quadricorn:4744.28772
quinquefasciatus:4752.24251
quattrini:4752.34153
quadrisquamatus:4752.44223
quadrilineatum:4752.75503
quinquecinctus:4752.91094
quest:4859.5508
quartau:4876.724
quak:4928.1864
quito:4934.9813
quadridentata:4935.87,5392,5517,5957,6123
quogu:4940.14104
quasicornuta:4942.13049
quadripunctata:4949.11128
quoqu:4958.17449
quedlinburg:4961.6802