wrinkl:3.3139;5.1163;6.1007;7.437;8.398;22.7332;387.538;422.2549;423.2946;424.416;499.2518;560.2851;561.3986;563.3458;655.2320;709.1618;713.1284;1074.5834;1091.3291;1096.2517;1101.2659;1105.2537;1106.2045;1110.2510;1116.4389;1117.3348;1392.5693;1460.1690;1564.2222;1639.886;1640.2246;1641.899;1642.956;1658.3716;1734.748;1739.769;1741.425;1755.2155;1844.2641;1860.1532;1879.1508;1929.3147;1930.4491;1931.3126;1934.5064;1935.4223;1936.4714;1938.709;1939.16974;1941.12532;1996.33129;2189.264;2313.2227;2362.5905;2363.3916;2364.5029;2429.7602;2448.1254;2512.1677;2518.5087;2548.830;2550.919;3069.7336;3079.3712;3080.2414;3183.1875;3309.8384;3394.866;3407.3119;3464.874;3521.1751;3558.404;3597.4457;3599.2162;3605.4451;3634.1293;3638.927;3653.701;3665.1006;3750.1782;3751.2243;3752.3678;3756.2393;3918.232;3944.3627;4718.3362;4723.11983;4878.524;4879.485;4880.1687;4882.1274;4883.585;4884.880;4885.819;4886.504;4887.1142;4888.1425;4889.1173;4890.930;4891.1043;4892.553;4893.530;4894.602;4895.564;4896.1342;4941.1958;4943.2030;4951.2062;4954.34575;4955.1898;4956.2672;4957.2160;4958.2833;4959.2086;4960.1622;4961.2851;4963.2105;4964.2258;4967.2279;4968.1991;4970.1987;4971.2191;4976.1976;4977.2050;4978.2046;4979.1844;4980.2099;4981.2094;4982.2041;4983.2090;4984.2056;4985.2410;4993.1827
wright:7.1987;16.9300;504.634;1205.3177;1839.818;3094.460;3106.843
wombat:8.1888
worker:9.619;26.5937;177.35;180.637;336.10099;443.453;466.1453;549.1185,1278,1364,1602;619.1201;620.32;636.7199;637.48;671.583;722.228;728.25;737.7569,8648;738.8073;739.961;740.48;757.21;764.24,1460;770.95;1087.54,433,473;1118.2989;1232.1633,1920;1266.821;1307.49;1309.27,343,837,1672,2104;1361.43;1369.524;1385.2182;1424.41;1462.128,277,321;1490.1064;1511.36,354;1529.27;1532.158,478;1573.54,2529,2659;1577.336,357;1832.28,750;1836.1566;1946.2655;1963.89;1996.6054;2013.1909;2066.478;2099.2394,2509,2607;2105.1436;2160.722;2250.28,321,595;2286.24;2318.1520;2446.432;2620.4618;3014.285;3077.300;3125.66,304,715,861,875;3165.84;3198.139,179,598,637;3208.1476,1832;3241.178;3270.39;3321.610;3328.10950,11161;3330.675;3345.313;3349.5567;3360.941;3386.105;3442.52,99,331;3518.40,182,342,625;3701.97;3723.94;3967.5804;3968.22;4577.2179,5842,5925;4617.1520;4680.2494;4941.4835;4996.809,866,922
word:15.20989;99.598;171.3324;172.2940;174.3131;199.17623;224.8126;227.736,814;546.1627;759.10069,10322;805.4291;1004.6406;1088.312;1120.6224;1146.728;1289.9622;1446.4308;1454.7964;1460.3950;1918.3037;1936.745,1298,1327,1442,1624;2271.226;2272.378;2273.441;2274.757;2276.288;2987.3581;3021.3340;3249.4567;3383.1322;3445.2630;3451.2522;3464.337;3474.5086;3512.3984;3638.393;3652.10714;3684.5118;3903.157;3971.6618;4120.328;4487.4971;4584.3941;4655.807
work:23.5315;26.5372;52.454;74.6742;119.2485;208.9554;270.628;307.4280;308.2545;316.2494,4324;336.2336;565.2951;567.3429;606.12588;611.2989;804.1153;969.1293,2830,3182;979.321;982.508,640,778;1083.32270;1086.18848,19002;1090.1529,1792,3798;1154.218,1403;1157.5335;1158.66;1231.5184;1232.89;1368.10932;1369.661,1789;1385.2182;1466.9516;1603.841;1610.1256;1615.1248;1964.4532;2073.9822;2125.5001;2213.11972;2326.10734;2376.14703;2387.8307;2557.1049;2626.616;2943.155;3021.3526;3049.1240,5993,10314;3054.13111,15293;3065.1544;3098.653;3183.437;3333.200;3370.3832;3381.615;3438.629;3498.4327;3511.627;3550.888;3569.25963,26262;3608.13954;3618.329;3682.6250;3707.13757;3752.5608;3831.2609;3866.723;3907.4308;3943.3053;4483.2010,2136;4485.5274;4558.1758;4596.7701;4708.8412;4744.22367;4752.85569;4756.211;4856.2281;4928.3946,4063,4087;4940.11356;4942.7269,7587;4953.6406;4978.111;4981.6736
worldwid:26.138;193.736;521.2997;524.981;535.1441;539.3562;720.1768;1094.4408;1192.9480;1232.4409;1831.8150;1947.6052;1949.6210;3089.5577;3304.335;3908.1875;4752.56114;4940.5227;4941.4206;4942.5569;4944.4722;4946.5265;4949.4929;4950.4576;4953.5231;4954.4541;4956.5777;4958.5723;4961.5878;4963.5112;4967.4830;4969.4138;4971.4927;4972.4856;4973.4231;4974.4727;4979.4605;4981.5162;4983.5173
world:26.3101;75.2952;188.770;198.211;314.4582;708.164;766.11910;804.161;905.258;1119.3224;1122.7341;1124.3911;1192.17615;1293.349;1385.2046;1421.429,482;1463.213,506,971;1519.7613;1588.1154;1590.2043;1671.2391;1676.3391;1684.2852;1710.4220;1715.3443;1825.3219;1906.731;1908.908;1910.7,1299,3667,15453,17304;2015.655;2126.5932;2148.58;2149.75;2154.140,215;2215.357;2240.14522;2329.96;2426.2813;2565.5725;2584.150;2603.139;2925.31782,35867;3080.4613;3169.1336;3260.2622;3390.42;3498.4631,11582;3512.8340;3515.1891;3557.750;3597.1087;3656.355;3657.379;3671.230;3672.189;3673.191;3674.139;3675.193;3677.197;3678.195;3749.1840;3785.1360;3903.312;4480.741;4491.89;4648.1490;4750.270;4752.33141;4860.693;4941.5201;4945.4480;4953.7867;4954.0;4962.844;4966.5852;4968.4800
wolcott:26.13868
worn:33.3026;34.2920;36.3128;226.728,11745;443.1287;783.1612;970.2397,3527,4648,5222;973.289,1390,2421;974.4264,4659,6043;977.159,1402;979.2062;1134.171;1563.5424;1648.1852;2123.22015;2436.4035;2556.3263;3517.2040;3543.3707,3930,4057
worth:37.242;71.26710;1054.1754;1124.2858;1232.9438;4665.11940;4946.9985;4953.10353
wood:53.878;63.1778;83.7095;125.1309;241.1522;249.1940;342.34;503.218,2585;516.366;517.993;520.3087;521.965;523.1878;525.169;526.2389;527.77;528.1300;529.516;530.1943;531.2129;533.6523;535.1583;536.978;537.393;539.655;541.2076;542.11;543.240;548.3731;598.7947;725.29;1229.2491;1261.129,1821;1268.2578;1269.130;1293.171,1110;1344.139;1430.1691;1457.2142;1563.26094;1577.10695;1597.203;1850.12459;2034.2616;2047.925;2158.2041;2193.2199;2241.17555;2242.11795;2243.12593;2318.1487;2355.3061;2376.13979;2591.849;2995.1024;3184.436;3260.3786;3377.446;3399.326;3451.395,466;3517.6113;3569.9162,20164;3624.2935;3697.8274;4064.19;4087.20;4145.36;4167.213;4209.24;4272.17;4363.21;4380.49;4404.24;4428.440;4442.20;4505.1322;4602.5216,5580;4653.2750;4654.1236;4674.11812;4680.2944;4752.9366;4770.24;4840.8725;4908.249;4914.489;4915.90;4916.233;4917.879,1088,1985;4918.336;4920.686,1071,2945;4921.254;4930.1276;4941.4427;4942.5815;4973.4464;5000.396
won:63.-1;3301.4640
wrote:75.2710;229.9036;681.764;686.1549;1013.5611;2634.626;2684.701;2693.1934;3617.337;4631.483;4903.597;4915.3916
woven:85.6769,6837
woodland:89.591,2474;98.824;241.1473,1505;358.1142,1161;482.694;1277.998;1563.26235,27735,27831;1577.10695,13011;1636.5994;1640.420,612,788,4062,4253,4655,6486;1642.2308;1674.167;1681.652;1682.2726;1714.1679;1715.320;1717.598;1834.864;1892.8063;1895.4465;2046.1557;2048.1687;2049.2338;2051.1369;2055.2660;2065.2149;2068.1653;2069.2237;2070.2519;3345.1603;3647.9111;4556.264;4858.781;4940.5830
wolfgangjunki:139.4377,4634,4715;142.1952,2245;143.1171;144.878;148.3764;149.9,65,4554
write:229.1423;1220.2107;1324.882;1886.3993;1953.808;3517.277;4843.13788
worm:280.631;377.18889;1770.510;3548.317;3549.118;3550.693;3551.504;3552.787;3554.174,685;3556.157;3558.614;3560.137;3562.182;3565.131,828;3567.189;4496.8006;4525.1061;4669.347,2977;4703.4988;4706.4531,10656;4708.7942,8782;4794.47;4807.35
wrong:307.4393;463.743;1437.1102;1534.2403;1826.6304;2108.1357;2110.2037;2313.5081;2326.7266;2669.513;3305.325;4364.116;4483.1289;4746.12119
worthwhil:310.10178
wrap:342.4108;2313.784;4718.4214
written:367.199,1161;369.203;443.5703,5776,6362,6424;569.161;686.2289;789.315;1574.144;1694.3870;1939.3630;1941.4065;2334.303;2941.1491;3376.2051;3393.206;3454.236;4642.329;4843.9197,9319,9463,9569,9670
woolley:422.6583;986.8485;3832.4097
wrm:423.-1
woodward:425.7;1054.16;1055.27;1056.71
wolongia:468.0;469.0
wrangel:481.1182
woo:482.711;521.965;539.655;3582.1485;3593.2697
wroughtonii:507.11
wood’:514.2298;531.2986
wollaston:531.672;539.14534;2156.376
world’:539.5042;1012.2266;2106.11779;2111.15247
woodi:539.39324;725.646;1029.313;1476.481;2055.3005;2116.316;2119.6284;2239.11507;2241.18968;3029.543;3332.103;3339.915;3451.395;3605.9173;4612.2539
wmlc:549.1674
wotzkow:596.195
wnw:604.623;1281.290;1464.9379;1952.8454;2518.10443;4788.95
wrase:647.25;654.28;655.3519;1461.166
wolong:718.1795;1297.4466
wolongens:718.1943
woodchuck:735.861
wrass:759.10340;4752.97492
wohl:764.748;1483.1501;1538.733
wootton:854.39;926.343;930.26
wolffian:876.163
wooten:930.295
woa:986.231;1282.413
woltemad:986.3667
wnc:1025.184;2264.291;2319.247;3287.231;3466.252;4989.265
woodward’:1054.16
wock:1090.312
wlsm:1092.627
woodford:1094.6447
worlwi:1121.-1
worthi:1121.10386
wound:1124.2541;1628.309;1743.1110;1748.1666;1770.1058;4940.5818;4942.5842;4953.5674
wolfgangi:1141.10
wonder:1152.6122;1452.717;3833.3863
woodwardi:1183.896
wrona:1240.2363
wroughton:1252.20;1276.486;1563.174;2620.3799;4603.732
woolli:1268.463;2031.1640;2034.745;4723.14419
woess:1272.608
wooden:1293.1581;1430.1755;2213.527,734,10900;4706.10153
wpm:1456.218;4655.289
woh:1463.1691
wjt:1532.299
woodruff:1569.1062
woynar:1572.297
woodlands’:1640.4253
womersley:1670.180;1675.18;1683.87;1685.91;1692.330;1697.973;1698.5189;1700.1883;1701.82;1704.23;1705.200;1708.215;1709.21;1716.2251;1717.5074
womersley’:1697.1233;1701.4918;1717.7695
womersleyi:1701.11,489,832,1175,4788
wray:1716.177;3493.11
wog:1717.420
woolamai:1732.236
wollongong:1739.324;1755.611
woodmasoni:1850.10871,11130,11167,16534,18307
wpt:1884.7436
wooroonoonan:1886.5694
woljeongsa:1904.8940
wokam:1929.177
wrink:2027.2395
wollig:2034.77
wool:2051.1179
wmontana:2057.699
woodman:2062.3158
wmichoacanandadjacentportionsofjaliscoandcolima:2070.897
woltereck:2105.982;2106.700;2108.381;2109.296;2110.428
woltereck’:2108.1021
wolfensohni:2126.11,640;2129.6560;2136.2126
wolfensohn:2126.5903
wolda:2129.6125;3261.4615;4896.3621
woodacr:2242.12127
wold:2242.13250
wolf:2243.16461;3569.15403;4650.758;4653.5131;4982.9269
woodin:2261.4128;2263.7519
wonad:2263.11144
wpf:2264.56;2977.64;3466.57
wlps:2264.98;2319.98;2977.98;3466.99;4989.76
wosiacki:2314.3126
woodley:2351.2791
wpu:2391.585
wranik:2391.642
wol:2542.176
woodlous:2556.10868;2557.7105
woodlic:2560.7423;3370.16145
wpron:2941.6158,6171;2942.7239
wolkig:2955.491
wongat:3024.9000
wouter:3049.3405
wolga:3071.1545
worden:3075.2055;3295.1489,1594
wonju:3301.4640;3582.1559;3588.1532;3589.2955;3591.2177;3593.2771
woon:3301.5106
woron:3344.24
woronichin:3344.346
wort:3451.430
women:3451.3242
woodbush:3465.9010
wodurch:3531.2594;3532.1328;3535.2548
wong:3534.1776
wolak:3582.2654
wrblewski:3616.-1;3618.-1;3619.-1;3620.-1;3622.-1
worsen:3907.6893
wolli:4035.217
woodii:4158.13
woronzowii:4317.15
wrist:4484.13828
workerfemal:4577.8516
woman:4588.490
wormfish:4744.11248
workman:4744.17697;4752.1325
wkw:4880.245;4882.249
woytkowski:4880.3496;4882.3357
wlgc:4942.11330;4945.9494;4946.11672;4949.7690;4958.14022;4961.10162;4971.7637;4978.10530;4983.7207;4984.5754
woli:4946.17606
workshop:4953.9724
wokei:4968.5648,5962