jiankun:1.5550
jan:7.1693;8.1960;215.569;342.192;357.2160;482.880;491.4672;674.248;675.228;792.2598;795.1884;801.1855;1074.10525;1225.-1;1258.196;1369.2894;1409.1155;1416.5503;1558.783;1594.481;1607.491;1651.5889;1668.243;1696.157;1710.891;1717.1391;2112.229;2126.4959;2129.5831;2143.3747;2152.4699;2163.1755;2297.14148;2299.12256;2300.20715;2314.1004;2432.775;2518.5777;2575.1937;2945.11072;3260.4032;3266.5162;3349.5500;3465.4282;3479.6071;3714.2541;3759.139;4460.107;4496.208;4564.961;4651.2013;4653.1928;4657.4351;4684.262;4702.72;4744.22719;4746.20470;4752.20027;4754.205;4755.300;4758.243;4791.324;4823.131;4825.304;4859.4212;4879.4330;4936.168;4937.190;4940.17209
janson:12.257;2371.366;4881.215
jersey:13.371;456.548;457.3144;912.144;914.155;915.169;916.131;926.121;1603.1618;2003.136;2172.1610;3554.137;4978.9478
jaw:15.9487;16.4811;22.1434,4086;23.3634;47.1625;199.16626,16838;224.17537,19620;225.1262;226.18661,18981;227.2083,3318,3684;228.5742;492.5578,7867,7924,9626,9658;674.2934,5196,5391,6162,6264,8836,8882;675.1767,4070,4277,5104,8062,8108;759.2801,2921,3059,3173,3226,3412,3899;790.4830,4880,4941,7019;791.2954,3020,3137,4853,4882,5297,5329,7255,7283;792.6885,6903,7014,9601,9629,9699;793.3176,3194,3342,5158,5187,5602,5634,7640,7668,7735;795.5793,5843,5953,7776,7815,8348,8390,10646,10674,10783;796.4331,4381,4444,6539;797.5338,5356,5538,8144,8178;798.5044,5094,5157,7410,12856,13040;799.4931,4981;800.3797,3847,3908,5760;801.3687,3737,3800,5499,5536,6070,6112,8055,9170,9648,9673,11268,11314,11392,11483,11584,11647,11666,11723,11791,11996,12203,12225,12262,12393,12428,12518,12553,12605;1055.1571;1083.6296;1086.1710;1230.1130;1454.7313;1455.1824;1847.3854;1848.5910,9506;1849.4029,7335;1996.24762,25018;2024.4124;2210.4411;2211.2389;2248.5537,5677;2314.14731;2376.5226,7184;3127.1523,2663;3179.1033;3185.6498;3361.428,472,912,1120,1303;3370.2320;3512.1703;3697.751;3707.17089;3726.301;3727.783,2822,3036,3197,3227;3904.11628;3948.6034;3960.2772;4484.13636,13693,13731;4485.2334,4591;4486.1806,4670;4487.2323;4564.7970;4719.3684;4752.7390;4857.843;4936.2001,2033;4937.4120
jabiru:15.20420
januari:16.596;37.418;41.182;209.12348;213.499;241.1308;247.355;248.135;262.703;271.542;272.215;377.4775;467.226;508.600;639.6468;713.2936;714.4111;715.2508;1178.6977;1390.2825;1399.220;1437.4794;1563.20294;1671.145;1675.234;1717.3188;1850.384;2024.23135;2031.3226;2037.3768;2051.2114;2053.10347;2061.2380;2065.3463;2073.7891;2128.4125;2262.1516;2307.3641;2382.239;2383.248;2384.219;2518.5777;2549.2564;2630.374;3008.797;3028.469;3160.145;3161.854;3336.2844;3340.6101;3369.222;3444.253;3449.551;3465.4282;3520.1670;3599.1489;3904.1228;3907.3050;4504.279;4508.144;4513.386;4519.503;4520.424;4523.251;4525.200;4527.178;4528.128;4532.685;4535.457;4537.148;4539.498;4550.152;4574.456;4602.6002;4618.16240;4620.142;4657.4351;4746.20470;4752.85101;4847.2739;4857.15748;4930.1332
jalisco:20.213;255.106;1126.101;1302.379;1353.392;1464.7173;1569.3670;1720.799;1955.752;2064.82;2421.4784;2430.3183;2431.86;3361.3302;3392.277;3866.908;3879.4443;3885.117;3886.112;3888.110;3890.3658
javaheri:26.377
jacq:26.14137;250.21;480.2033;1103.2822;1651.13715;3083.268;3573.148;4934.5820
jatropha:26.15171;3160.296
jacquin:26.15805;248.812;249.225;250.21;3573.432
jamaica:32.2548;36.239;44.265;250.4410;667.180;1094.4018;1318.629;1477.313;1484.201;1562.81;1603.1489;1952.1095;3070.107;3083.79;3961.458;4752.34074;4944.8733
jaragua:32.2827;33.116
jamaican:36.592
japan:45.69;188.882;189.481;193.870;195.1392;280.409;389.439;392.1824;417.191;606.21332;707.3787;711.5555;712.768;759.90;765.361;785.215;790.38;792.43;795.42;796.51;798.51;799.38;800.52;801.38;833.101;905.113;911.102;920.145;940.135;943.103;993.316;1004.403;1012.530;1058.9286;1119.8144;1120.3248;1122.4406;1124.6397;1132.467;1144.1015;1147.582;1151.8015;1180.1069;1297.4615;1335.53;1370.615;1402.229;1419.598;1433.73;1437.5535;1597.722;1609.73;1629.195;1728.482;1731.897;1746.1208;1756.661;1759.275;1767.877;1860.3365;1879.5093;1891.5594;1904.7299;1905.3350;1910.3108;1969.745;2167.250;2169.2095;2170.2481;2215.76;2263.11576;2294.316;2476.70;2499.698;2654.2490;2659.1172;2661.223;2685.234;2699.744;2925.46249;3006.5621;3075.974;3131.1091;3132.831;3143.2653;3145.1311;3146.1929;3150.1046;3153.397;3158.777;3162.4350;3172.720;3178.198;3245.1170;3258.427;3319.338;3328.31;3331.2489;3339.4192;3401.356;3404.342;3462.805;3498.11146;3550.1150;3555.2304;3561.739;3562.943;3563.749;3582.238;3583.213;3584.376;3589.188;3591.206;3592.208;3593.1740;3595.1572;3637.4082;3660.114;3726.1095;3772.1022;3776.1153;3785.3464;3836.1205;3842.1257;3846.1297;3893.1260;3897.1236;3902.106;3908.2389;3924.78;3925.100;3926.82;3939.809;4510.1095;4601.3578;4843.564;4944.5395
javanica:45.4726,4860,5010,5248,5673,5871,5963,6037,6659,6827,7784,7826,8074,8233,8371,8661,8694,8800;1192.13415;2618.1394
japonica:45.10591,10956,11583,12269;1437.195;2476.16;2682.72;3143.3035;3150.8,71,109,151,1432;3154.2198;3339.798,856,1180;3582.4406;3589.6806,7210;3592.2489;4032.4902;4511.6;4961.12631;4972.5213;4974.5009,5268,5528,5561
jinxiu:53.469;1058.1484;3569.6288;4929.618
jeannel:58.183;343.152;467.13387;758.715;1145.22;1319.434;1559.466;1846.935;2538.1514;2565.189;2576.19;3300.1115;3924.177;3926.68;3931.13
jiangxi:58.899;63.214;191.712;192.587;718.2075;991.3224;1011.2876;1058.5012;1072.261;1437.2381;1590.1964;1597.831;3339.4172;3569.12233;3939.6679;4596.6954;4688.400;4692.701;4929.124
jinggang:58.1575
java:58.2430;184.112;242.142;249.68;340.1579;373.358;374.274;527.2096;712.902;777.1515;1138.439;1261.1362;1303.88;1534.2290;1704.136;1936.12895;1939.196;2371.988;3147.1302;3172.976;3174.2026;3196.156;3346.5767;3440.1626;3745.128;3971.6968;4596.8063;4617.984;4940.15620
jian:63.214;71.20675;1358.606;3254.33;3569.5710
jiang:66.960;506.5754;1947.246;1948.21;1949.245;1950.16;2447.272;2540.375;2938.306;3032.617;3452.598;3569.15343;3939.4287
janeiro:69.215;144.800;152.6449;688.1388;689.983;691.6827;713.3480;714.1070;726.106;1363.257;1488.66;1627.98;1953.1841;1955.986;2016.155;2027.8710;2085.96;2087.96;2090.97;2092.291;2094.119;2099.2549;2161.865;2516.211;2941.101;2943.459;3562.143;3739.153;3743.3163;3964.990;4657.9368;4703.597;4704.380;4706.75;4708.10592;4839.613;4847.2715;4942.10011
jing:71.327;3569.5271;4691.338;4692.512,685
jia:71.20675;987.335;1058.972;1534.216;4685.310;4686.44;4687.680;4688.38;4690.614;4691.369;4692.701;4693.329;4695.475;4696.936;4697.2760;4699.206
jilin:71.20993;707.2454;1061.3494;1268.85;2472.167;2503.118;3489.2814;3939.6688
jiuzhaigou:71.21084;461.4777
jin:71.327;462.108;1478.8481;1590.15;3452.817;3569.5271;3583.2605
jablonski:71.23986
jandzik:71.24042
jerdonii:71.28161,28327
jianfenglin:74.133
jenkin:84.185;3495.151
jag:98.1461;385.596;482.6105;593.2684;595.3252;600.2899;601.4384;788.215;1083.7936;1084.1316;1978.1307;2320.4277
jeekel:98.4544;497.172;498.254;727.160;1250.210;4739.152
jean:108.1101;121.211;125.75;138.2463;139.3303;153.364;157.1028;256.245;1201.4186;1603.668;2202.6649;2399.11356;2732.3193;2733.3196;2767.3779;2844.3960;4675.2907
janvier:108.1139;129.892;138.2309;2824.397;2832.567
jacareacang:138.8134
jama:142.623
jeremiod:147.274
janus:148.585;632.6431
jame:153.553;606.12329;2126.5894;2180.613;2420.4399;3641.370;3790.1045;4652.531;4853.49
javari:154.345;1204.2679;2297.15612
jagiellonian:166.811
janzen:171.2647;172.2319;342.192;2258.6058;4618.7903;4709.3350;4717.51;4888.4031
jerash:179.211
jianfeng:189.347;190.401;192.324;195.1033;197.1054
jamaicensi:203.295;3909.4515;4618.17538
jam:203.295;3961.229,416;4940.13201;4946.13589
jambi:209.11002;210.10260;361.1022;1931.166
javanensi:210.9304
jahrb:215.29;486.116;1074.1479
jarvi:220.128;1317.114;1501.672;1655.105;1704.380;1829.146;1945.460;2393.110;2959.310;3083.174;3211.224;3437.150;3571.165;3864.354;3869.481;3887.290;4614.224;4939.320;5001.144
jetblack:224.26128
jepsen:229.8088
jahn:236.35
jacobaea:238.9
jackman:241.273;358.210;405.137;673.163;1277.217;1321.92;1834.77;3297.61;4858.335
jasper:241.545
jimnez:244.-1;246.-1;254.-1
jacquinii:250.106
jardim:250.5987;1131.5449;2076.862;2097.1247;3759.4316;4986.447
jaramillo:260.190;1549.1763;3054.9553
japanes:280.4406;711.6542;759.90;790.38;791.49;792.43;793.36;794.30;795.42;796.51;797.40;798.51;799.38;800.52;801.38;1183.157;1185.76;1186.230;1187.127;1188.2257;1189.435;1191.393;1192.3586;1193.482;1335.53;1609.73;1759.3895;1775.789;1793.1958;1857.3496;1943.176;2170.4331;3172.770;3328.31;3331.2377;3483.1040;3582.4690;3660.139;3661.1299;4511.668;4564.15230;4920.9908
jacksoni:286.458;4752.109650;4953.13643
jard:299.125;1425.299;1512.351
jafri:299.284;463.566;1924.246;3437.298;3915.110
jackrabbit:310.2586
jackrabbit’:310.18685
jeffrey:320.1717;2969.24;3261.3966;3645.1053
jaguacati:344.199
jiangsu:351.325;2271.88;2696.424;3339.4163;3587.226;3939.6670
jacquinot:366.24
jderholm:377.-1
janakpur:391.127
jambesi:395.4545
javedi:398.2569
jener:421.1207
jalapa:422.6305;1569.1312;2030.221;2427.386;2429.5883
jewka:431.-1
japonicus:437.463;525.4660,5642;539.25557;1433.3112;2682.9,114,318;3178.14,50,671,1417;3660.9,44,609,1363;3925.64;4752.40490,40829
jebel:443.63;3079.334
javier:446.1368;674.1564;4880.4632
jinghong:462.799;1058.7110;1269.438;1588.564;4690.233;4694.658;4697.575
jeanmonod:463.680
jch:467.-1;4686.-1;4697.-1;4699.-1
jimmi:469.205;4945.10081;4949.7890
jauffreti:470.13,52
jaech:472.165
jelli:484.13495;1083.18036;1086.13897;1760.350;2399.9311
jii:492.9906,10279
jerdon:506.3499;1374.45;2620.3777
jeud:506.4219
javanus:521.5775,17515;533.33672;539.6986,25615;1532.3532,3689,3813,3905
jalappa:521.7252
jeholensi:533.18424
jezoensi:533.18466;1268.137;3702.173
jes:548.533;1451.121
jacobson:558.1073;561.364;562.99;1941.2048;2907.456;2908.344;4866.127;4867.134
jehuc:584.9
jagannata:585.0;586.0
jederseit:590.282;3128.2100;3436.160
jauco:593.2909
jacmel:598.7686
jingxian:624.774
jedlika:649.-1
jacobi:676.190;677.21;679.998;685.160;686.1414;1431.777;4881.21;4884.4228;4888.21;4895.7;4897.35
jeanvoini:686.538
januarii:691.263
jatai:697.10
jamesia:700.0;701.0
jesteri:707.4735,4838,5123,5266,5457
jackpin:710.173
japyass:714.5126
jabaquara:714.5158
jaguariana:714.-1
jang:715.145;3583.2713;3586.2695;3595.2650
ja’ar:715.2317
jiutun:716.268
jaundic:720.476;3451.3185
jaya:731.159;1957.171
jedlicka:732.104;3939.2194
jackson:735.251;1301.95;1563.2690;1725.310;1726.320;1733.497;1734.312;1740.239;1755.383;1775.301;1879.7502;1892.5976;1899.4750;1900.5895;1952.8012;2037.1012;2239.15989;2242.13073;2243.203;2336.262;2341.186;2348.165;2353.135;2355.143;2356.257;2518.12406;3101.150;3392.6880;3463.88;3558.109;4752.109674;4940.19052;4956.8407;4961.12860
jack:735.251,891;1277.217;1957.1449;3456.726;4744.26499;4752.48114
japur:737.7426;1204.2652;1208.4361;2297.17045;2299.11682
jacu:738.9088
jenmanii:755.3791
jakutzk:758.1006
janata:758.1894
jeder:764.425;1604.3255;2946.882;2956.800,1024;2957.978,2416
jelinek:785.635
jensen:790.8918
jaun:805.10;1087.214;1309.1626;1573.2405;2063.75;2174.234;2711.1087;2724.1392;2727.1466;2730.318;2732.647;2733.875;2734.832;2736.928;2738.1270;2739.3050;2754.2145;2759.1228;2760.1285;2761.1705;2763.545;2767.1061;2768.908;2775.986;2777.934;2791.911;2800.948;2801.3514;2802.1647;2805.2439;2807.698;2820.1755;2823.1516;2826.2349;2829.911;2835.613;2844.5975;2854.1589;2857.1534;2859.1588;2882.1004;2891.767;2892.1052;2897.1438;2913.1580;2917.1267;2995.433;2997.212;3000.272;3001.1165;3270.1890;3349.1325;3416.188;4489.706
janovi:834.911;835.514;837.127;839.217;863.306;864.424
jacob:836.306;3515.1741
jink:844.493;877.739;885.120
jennya:963.13
jewel:964.25
jinhuacha:1011.1136;1013.2804;1016.1642
jianguo:1018.220
janakkala:1023.1434
jamaicens:1025.8
jen:1034.20;1035.25;1036.37;1037.68;1039.510;1041.97;1043.17;1046.5270;1047.31;1049.56;3647.8910;4487.4653;4752.15478
jenningsi:1037.1172;1039.13,3147,3245,4485,5283,5478;1041.837
jinwei:1058.383
jiman:1058.921
jiasheng:1058.972;1443.600
jiuniutang:1058.1665
jiangkou:1058.2029;4475.1069
jianfengl:1058.2643;1072.568;1534.216;3278.156;3569.9095;4929.936
jigong:1058.4313
jiaozuo:1058.4657
jinpen:1058.5033
jianchang:1058.5408
jiulong:1058.5988
jizu:1058.6596;2183.172
jingn:1058.8055;3569.5271
jans:1058.9555
jep:1059.277;4926.771;4928.712
jepson:1059.253;4926.5979
jinfoshan:1062.439;1065.298
jinyunshan:1062.679;1065.239
jamieson:1074.9787
jet:1083.2740
jeweler’:1083.28152
jaua’’:1083.33386
jaua:1083.33386
jaca:1094.187
jessey:1094.651
jahnk:1094.842
jesus:1094.992;1131.5497;2942.1178;4464.521;4465.151
jameson:1119.6974;1121.10493;1122.4143;2434.445;3470.19
janardanan:1123.3866
jena:1125.391
jankowskii:1132.137,1363
jiangjin:1143.108;3569.15579
jirisan:1144.704;3591.5602;4843.6739
jakovlev:1186.1154;1187.980;1188.4379;1189.1067;1192.16623;1193.662;3005.974;3079.5753;3080.3951;3476.1409;4863.20
januszkiewiczi:1188.595,651
jakowleffi:1188.3249
jihafana:1191.1337,1390
jaczewski:1192.13425;3619.713;3620.654
jammu:1192.18115;4043.1259
jerboa:1195.188
jaculus:1195.1127
jeann:1207.694;3122.595
jav:1246.262
jaehrig:1255.101,117;1626.52;2980.33;3068.23;3216.113;3295.34;3510.55;3643.37
jacot:1259.53;3089.10975;3402.89
jedoch:1272.149,386;1561.456;2684.777;2955.1940;3510.960;3528.841,3732;3532.2957;4683.643
jaliscoi:1302.10,326,783
jaunatr:1309.697;1529.2481;1573.1995;3270.1682;3349.2903
jamai:1309.1086;2705.523;2715.474;2741.440;2753.934;2754.641;2763.389;2769.977;2772.1489;2783.516;2790.268;2800.4446;2802.909;2811.1026;2817.588;2820.1458;2821.1497;2829.414;2832.1024;2857.4624;2872.812;2898.1525;2911.1099;2913.637;2925.14377
jacinto:1362.4853;2356.16149
jerkili:1369.581
jar:1369.1907
jalbert:1396.850
jinggangshan:1437.2390
jap:1446.129;4843.209
jendek:1463.523;2373.961;2589.1107;3750.295;3751.562;3752.429;3756.1729
jenissei:1483.1177;3275.1462
jingdong:1486.314;3248.95;4686.148;4697.364
javakheti:1489.107
jaeger:1490.1964;1563.16928;2027.11786;2251.4839;2430.622
jenyn:1500.218;4752.12479
javanicus:1513.9;3529.2079;3535.2765;3660.212
janecek:1519.7285
jianglang:1531.358
jaitrong:1532.17
jancha:1542.284
jaap:1572.227
jaarsveld:1594.331
jiulanshan:1597.858
jinp:1597.1170
jelassi:1602.1406
jahrbu:1604.684
jain:1628.470;2618.1611;3506.440;3656.593;3731.243
jarrah:1636.5270;1637.2599;1639.10,2052,2199,2246;1640.914,1179,2834,2957
jajr:1639.2111;1640.5435
jenolan:1640.162
jctn:1642.138
jannila:1647.797
jhac:1648.922
janetzki:1668.243
jirisana:1690.2189
jei:1712.720
jarrahdal:1716.2595
jadranko:1721.12574
jervi:1726.307;1750.347;1775.284;1793.335
jaubert:1728.196;1729.221;1756.341
jaffa:1764.320
jetti:1794.76;1803.88;1819.79;3904.1956;3905.2580;3906.168;3907.1435
jatun:1847.9315;1848.119;2356.9170
jeffreysii:1861.3871
jaruphan:1879.7387
jembya:1884.6971;1892.8575;1913.6160
javorina:1904.6284
jawalamba:1917.2252
jakl:1929.639;1941.2713;3470.247
japir:1930.599
java’:1939.1603
jefferson:1952.6808;2240.14026;4945.10551
jarabaco:1952.8622
jefe:1960.375
javelina:1991.547
jayaram:2011.359
jiaxin:2020.556
jabillo:2060.200
jarrett:2114.148;2115.285
jekel:2136.7909
jane:2144.6140
jakobsen:2163.1796
jesusi:2190.196,309,499,684,842,1121,1295,1484,10219,11693,14215
jianghua:2195.575
jiangi:2196.4540;2199.12644,20806;2200.23693;2206.15135
jellinek:2199.4283;2202.11595;2209.387
jct:2239.14998;2243.17876;2355.2798;2518.11517;3260.4982;3315.5611;3392.8687;4882.3864;4926.7204,7291;4928.551,3656
jewett:2243.18653;2615.11
jeddah:2262.935
jinhoul:2273.316
jinza:2294.344
jgu:2297.-1;2298.-1;2299.-1;2300.-1
jari:2297.10975
jatob:2297.13984
jacaretinga:2297.15492
jatuarana:2299.13626
jiangshangang:2311.96
jiangshan:2311.96
jacqu:2317.1826;2823.3583;2910.861;3091.966;3962.4815
jagwi:2320.4277
jingdongensi:2327.10;3127.9907
jatahi:2356.4998
jehamalar:2358.287
jahor:2361.161;2369.2508
jaccoud:2361.595;2373.3571
jeni:2371.957
jaim:2382.1247;3862.1581;3881.345;3884.866
jasionoid:2382.17279
janovska:2399.9196
jala:2421.121;3879.121
jalpa:2421.695
jewc:2421.826;2433.1081
jim:2429.3262;3498.6076;3741.58;4584.3781
jinan:2440.148
jingh:2452.2059;2515.279
jiashi:2452.2184
jingx:2508.101
jinmei:2512.190
jebba:2518.12295
jacquemart:2522.14
jacquemarti:2522.1867
jawa:2530.1551
jerramungup:2550.4066
jere:2552.727
javali:2556.168
jft:2562.61
janteab:2566.159
jahalpur:2599.700
jai:2599.1147
jayapura:2605.782
jewish:2621.714
jakowlew:2632.97;2633.685;2654.3684;2659.98;2688.99
jakowlewi:2633.78,674
jermakia:2648.0;2649.79
japonia:2660.144;2661.151;2682.164;2685.163
jelochovcevi:2669.925,1036
jedenfal:2693.2077;2965.4290
jianyang:2696.981
jadi:2732.4113;2807.1477;2819.630;2821.1089;2822.504;2823.635;2826.2011;2829.3784;2831.1318;2833.1760;2857.756;2867.1817;2903.641;2908.113
jacquelin:2805.4983
jauntr:2818.-1;2844.-1;2882.-1;2883.-1
janv:2925.42453
jentink:2934.479
jiajinshanus:2938.62,354,3174
jiajin:2938.220
jeweil:2946.1788;2949.1427;2950.927;2951.1231;2952.1391;2956.1866
jetzt:2949.2052
jeweiligen:2950.1132;3528.1824;3531.1528;3532.1928;3533.1464;3535.1550;3536.1674;3537.1595
jederelytr:2955.641
jaunevert:3001.222
jaqu:3004.536
jcc:3006.466
jamesi:3006.4513
jiah:3019.3403;3021.2844
jindra:3032.399
jankowski:3034.1552;3036.956;3038.240;3039.96;3040.188;3041.126;3046.1243
jaera:3034.7155;3038.1477
jansson:3036.120,353;3043.9;3618.595
janssoni:3036.470,1517,1699;3044.394
jassa:3038.1310
jankowsk:3041.27;3045.20
jede:3071.598;3199.748
jagen:3089.1062
jinggangensi:3127.10630
jiulianensi:3127.10648
jiao:3127.17121
javana:3172.1144;3509.13,450
jahr:3221.185
jekyl:3260.3211
jimenez:3261.3070
jacala:3285.74
jarrig:3300.1127
jeollanam:3301.4237
jacobo:3312.807
jardin:3321.93;4879.6062;4942.14855
jadg:3328.288
jiasen:3335.128
jeolla:3339.4286
jackknif:3340.10336;4752.80724
jicar:3361.6637
jiafu:3366.414;3929.107
jaintia:3370.3499
jarrigei:3394.418
jiad:3410.364
jianxina:3420.11
jingsong:3452.12252
jez:3482.2900
jamachowk:3495.3434
jiri:3495.4792;3582.2481;3583.4373;3588.3050;3589.5355;3591.5386
jason:3498.4494
jirama:3520.1645
jedem:3532.2260;3533.1825
jirouxi:3533.8
jiroux:3533.119;3534.1118;3535.96
jie:3569.8967;4473.1180;4475.1555,1747
jinjishan:3569.14479
janzeni:3574.8,47
jingoga:3582.1220;3589.3285;3591.2814
jeong:3582.1358;3586.2119;3589.4001;3591.3011
jeju:3582.3395;3583.4850;3585.3131;3589.5973;3591.7056;3595.4080
jeongreung:3583.2550
japonicum:3583.5474;3708.5346
jeongseon:3584.1716;3591.3047;3593.2435
jingwannaedong:3586.1928
jansuda:3588.1333;3589.2877;3591.1786
jinbumyeon:3589.3153;3591.2318;3593.2590
jeombong:3589.3585
jeolgol:3591.2745
jeongseoneup:3591.3047
jinbu:3591.2318
jangheingmyeon:3591.4518
jinhu:3591.6570
jamasakura:3591.8265
jansk:3619.304
javornk:3619.-1
jastrey:3620.912;3621.1686
jamsk:3621.296
jastrab:3621.847
jeek:3623.-1;3951.-1
jackal:3656.1040
jacarepaguana:3743.3713
japyra:3743.3942
japira:3743.4006
jaroslav:3754.121
jarr:3763.1425;3811.1173;3847.1140;3848.1131
jezioro:3785.3143
jeal:3814.2649;3823.7411
jantra:3826.1306
jalan:3904.3769;3905.3928;3906.1233;3907.1777
jakhau:3908.147
jingnan:3927.100
jiabao:3928.91
jianshi:3933.400
jietou:3939.5201
jasmini:3943.1220
jiangfenglingensi:3943.1270
jiaranaisakul:3946.3422
jaguarao:3948.285
jeremejewi:4149.55
jekelius:4152.27;4159.24;4184.83;4220.14;4251.193;4289.21;4320.151;4324.1082;4418.235
janssen:4187.22;4195.26
jenikal:4406.2447
janoscheki:4419.1709
jaww:4484.13646
jerdoni:4485.6216
jellyfish:4531.967
jaklin:4534.1159
jahren:4570.198
javesella:4572.0
javanicum:4595.1114;4596.449,7179,7238,7526,7666,8300
janicki:4617.847
jeana:4675.11
jing’an:4692.727;4697.1159
jhawani:4696.471
jger:4696.-1
jiliang:4698.380
jaechi:4698.662;4699.31,2320
jezzin:4718.9093
jacobus:4752.8381,8530
jewfish:4752.23555
jawfish:4752.38552
jackfish:4752.52552
jed:4752.54014
jenni:4752.66485
jeffwilliamsi:4769.10
jenkinsia:4784.0
jaguana:4792.320,583,760
japon:4843.209
jeollabukdo:4843.11824
jeonglyongchi:4843.12283
jinbasan:4843.18040
jizoubaru:4843.25324
jacek:4911.5364
jars:4913.576
jairah:4915.175;4917.201;4920.2121;4921.644
jacobsoni:4941.6477,7743
jhec:4949.11520;4956.8536;4981.8559
jamnback:4953.7939;4969.4469;4972.5380
jamnbacki:4953.13757;4954.58402;4958.11187
jenkinshelea:4954.19188;4970.5953;4978.5347;4983.520;4984.0
jemez:4958.14071
jerkatsch:5001.77