johnson:8.1498;514.16;521.2587;530.1464;533.11097;534.1642;535.2377;536.1009;537.1841;538.15;539.4552;606.1770;754.55;871.216;873.319;931.106;1581.549;1635.336;1698.824;1904.653;1914.232;2010.32;2012.115;2037.3181;2239.17069;2518.19828;2987.27;3160.269;3263.255;3398.323;3629.290;3952.472;3953.551;3955.194;3956.136;3957.270;4746.338;4752.7167;4809.26;4926.29;4927.198;4928.28
jone:20.375;358.240;425.369;431.3581;601.1052;883.177;958.21;1277.236;1306.188;1473.204;1519.5811;1952.1206;2038.4;2039.1497;2053.13889;2055.6292;2518.12509;2694.609;3034.6108;3038.1974;3040.133;3049.51;3076.174;3136.200;3137.204;3254.115;3261.5528;3346.260;3797.1130;3908.2217;4708.178;4776.23;4858.354;4953.7906
join:21.293;22.6513;23.2575;310.12654,13238;317.4453,10314;340.1183;352.1501;422.4320;423.2372;424.645;443.2198;482.5712;535.1856;581.530;674.9911;759.11577;979.2446;1075.1690;1083.20037;1107.1456;1133.2165;1134.1844;1150.3130;1289.7135;1444.7299;1456.1554;1464.4319;1651.3400;1826.6058;1831.2485;1847.6183;1848.8770;1849.6670;1850.5431;1931.8044;1934.9348;1935.6492;1942.6889;2021.1198;2132.5084;2184.7793;2241.17994;2248.2526;2258.7322;2263.2508;2281.886;2284.720;2321.1400;2362.4690;2363.3797;2364.3741;2365.1160;2366.1302;2367.1313;2368.2468;2399.2816;2549.6258;2563.10094;2572.3502;2573.2101;2575.3924;2576.4198;2577.3818;2578.3165;2579.2986;2580.2482;2581.3129;2582.3411;2583.3557;2584.2985;2585.3679;2586.2959;2587.3379;2588.3335;2589.3107;2590.3251;2592.3464;2593.2889;2594.3808;2595.2736;2597.2688;2598.3453;2599.3131;2600.3033;2601.2284;2602.3975;2603.2760;2604.3249;2605.3207;2966.574;2970.576;2973.461;3067.2397;3089.3544;3185.6593;3207.411;3309.10096;3370.3637;3406.1047;3452.9145;3517.2624;3623.3625;3669.531;3670.1545;3904.16869;3967.2542;4669.1791;4703.1948;4704.1918;4706.1442;4708.2540;4715.860;4716.1177;4740.6888;4746.5394;4752.35587;4886.2708;4910.1951;4911.4747;4954.43458;4986.2477;4993.1922;4994.5592;4995.92
jonathan:37.582
john:40.534;219.229;601.1042;636.4538;1039.505;1085.93;1478.9189;1603.899;1606.392;1675.4318;1879.5364;1887.3119;1913.6413;2190.13148;2213.3681;2238.1211;2291.155;2429.768;2518.8451;3261.4414;3465.8519;3693.4280;4649.4827;4744.5778;4746.338;4752.7167;4832.220
joseph:83.6870;1721.11263;2240.16255;3811.1190;3848.1148
jourdan:108.7394;115.59;122.601;129.112;138.324;150.704;155.4173;157.437
jos:138.1009;386.3800;489.2975;713.834;714.6405;715.3097;1074.9936;1097.2540;1099.695;1194.503;2093.3253;2161.314;2314.784;2334.816;2351.3922;2352.3524;2584.737;3608.183;3609.187;3917.1845;3918.3848;3919.3480;4541.218;4962.2213
jordan:179.457;398.203;794.260;1125.3811;1271.3954;2957.3005;3104.730;3120.45;3143.2547;3145.1244;3157.914;3338.536;3532.2654;3533.3069;3534.5693;3537.2326;3538.2315;3728.100;4480.865;4744.3580;4745.1707;4746.20782;4752.7673;4807.16;4824.19;4876.368
joint:199.17177;224.17541,19624;225.1266;226.2207,4573,6777;227.2087,3322,3668;228.5746;310.3685,13238,18822;476.1867;1457.9125;1602.5092;1836.812;1934.5440;1936.5056;1939.17692;1982.1074;1996.21677;2370.3713;2440.1877;2618.985;2620.2167;2941.2428,2470,3460,3566,3593;2942.2784,2868,2920,2989;2943.605,2904;3019.643;3241.710;3335.8160;3647.4360;3703.5637;3714.402;3832.2391;4605.800;4674.4600,5266;4893.7218;4994.5606,5656
johor:209.1790;1005.4289
jorden:214.126
joharchi:222.7710
jovic:237.6673
johnston:245.295;844.501;877.747;885.128;986.6284;1679.347;2525.13;2698.462;3606.18;4508.15;4537.1655
jrgensen:247.-1;250.-1
jongkind:249.2048;1074.11399;2518.10683
jordani:286.485;2024.9041,11849,12648,12743,12838,12933,13028,14882,19395,21375,21588,21834,21878,23481
jordal:346.26;514.28;526.1804;535.2389;537.2989;538.27
jolo:362.2180;759.213
johan:362.3459;2326.9823
joinvill:377.20725;2197.2053;2200.25644
johanson:402.1027
jorgensen:446.-1;447.-1;2016.1152;3273.149
jobi:469.188
jonst:479.129
jmodeltest:501.18543
jpj:548.1985
jrmie:599.-1
jose:606.15739;1361.2228;1390.3203;2130.6537;2143.7985;2161.2342;2300.7882;2333.3084;2698.86;3315.4413;3959.204;3962.4844;4483.708;4612.7698;4618.371
joca:689.2029;2356.5724
jost:690.714
journey:723.384;2300.10006
journ:770.56;2115.519;2620.6950
jorg:969.4816;2299.9908;3006.1931;3384.1968;3948.10386
joue:1087.387;1529.2416;1573.218
jonesi:1122.5761,8011,9272;1124.4343,6824,7642,8039;2549.4040;4680.3025;4954.46340,48094,55398;4956.1117;4958.1036,11395;4961.1048
journal:1135.72;1139.50;1825.2916;2125.5214;4903.559
john’:1176.141;3779.1284
johannsen:1180.22;4965.4493
josifovi:1191.649,686
jocqu:1220.519;1221.20;1225.460;1575.232;3850.752;4650.1119
jozefiena:1224.9
johnsoni:1248.21
jpg:1257.270;1328.260;1406.266
jola:1306.220;1473.236
jordao:1363.183;2161.1590
joy:1368.10884;4596.3691
joana:1505.15;3348.1913
journe:1529.3713
joo:1567.-1;1568.-1;2614.-1;4641.-1
jordana:1670.436;1673.2568;1674.3382;1676.2982;1677.4458;1680.2407;1681.4530;1684.3055;1685.4452;1688.2386;1692.2809;1696.2576;1698.45;1703.2827;1707.2841;1710.4810;1711.3141;1712.4168;1714.4291;3224.1788;4917.22;4918.28;4919.894;4920.23;4921.25
jozankei:1904.7727
joao:1904.8414
jordbaerspinat:1924.293
josef:1929.447;1934.7400;1942.8177;3454.2509
josip:1939.7570
jour:1961.5163;2115.294;2803.360;2817.572;2848.35;2859.1376;2925.869;4752.84519
joachim:2027.11846
jolley:2036.2873;2037.5208;2038.2570;2039.445;2040.2892;2041.4244;2045.2406
jones’:2038.578
jojobaehuey:2053.3150
jona:2188.6244
joinvil:2200.25644
johnkingsolveri:2238.9,1174,1319
jlpc:2239.12055;2240.10389;2242.10978;2243.13691
jolli:2242.11237;2243.13698;4746.25027
joannot:2261.4013
joli:2265.315;3204.24;3522.165
jnior:2314.-1;2943.-1
jlkb:2326.637
joensson:2326.2217
jmc:2334.836
johind:2358.5866
johansen:2360.56
jnrc:2417.758;2418.373;2419.678;2420.302;2421.832;2424.278;2425.429;2427.815;2428.358;2429.7249;2431.1235;2432.813;2433.1090;2434.577;2435.406;2436.1138
joya:2427.571;3885.772
johnst:2429.12673
jocelyna:2736.11;2739.6444;2800.3525
jocelyn:2736.3080
josen:2739.1582
joselyna:2739.2074
josensi:2760.4277;2885.7,35,688;2889.1125
jouxt:2790.670
jouxtant:2844.6136;2895.1950
joadi:2943.6292
jnner:2952.-1
josenir:2979.506
joanneum:3050.485;3052.525
johnstoni:3094.7,74,84,132,142,672
jocast:3143.3027;3150.0;3154.2190
joaquim:3308.94
jordanensi:3326.1216
jonja:3341.527
jowai:3370.13710;3752.925
jorgeluisi:3384.12,319
jocat:3407.81
jmic:3438.529
johnclarki:3442.11
jousseaum:3478.1603
jon:3498.4478
johanniskraut:3510.39
jocheon:3582.3633
jonghyeon:3583.3712
jongseogda:3591.5369
joywe:3656.105
josephin:3770.1054;3788.1033;4656.5472
jrme:3945.-1
joksimowitsch:4113.23;4349.17
joannea:4150.13
joubini:4332.8
jnane:4480.407
joshi:4543.858
johanna:4567.507;4569.493
jpb:4657.252
jnc:4660.224;4661.222;4662.226;4663.361;4664.361;4665.210;4666.224
journo:4665.443
jonesii:4680.3025,3086;4752.67361
johann:4702.1419
jouar:4718.9102
jrgen:4746.-1
johnpow:4752.28272
jocu:4752.62550
jolthead:4752.77474
joyoguela:4852.4157
joermann:4876.2960
jolivet:4895.2665
jocosa:4942.11860
johannsenomyia:4954.42784;4965.4695;4979.0;4983.5810
johannesburg:4983.6630