rugulos:2.616;3.7104;4.2886;443.908;482.4970;556.756;632.4538;636.6348;732.2554;1039.3996;1250.1935;1362.2234;1364.1058;1373.3866;1432.1762;1611.2921;1880.1633;1883.522;1891.1729;1894.3623;1900.4808;1910.6873;1946.1094;2150.10051;2239.7980;2241.10982;2242.5153;2243.6608;2287.4788;2288.5854;2289.5261;2291.4577;2292.4456;2293.1865;2294.5814;2295.1665;2417.1665;2418.1722;2419.1753;2420.680;2421.2288;2422.1699;2423.972;2424.1895;2425.1229;2426.1233;2427.1915;2428.1588;2429.8792;2432.2624;2433.1911;2434.2232;2435.1413;2436.2377;2620.4749;2654.1502;2696.7171;2987.1866;3069.7324;3208.191;3278.1829;3331.413;3392.2114;3967.5207;4316.469;4680.1430
rugos:2.964;3.576;142.3792;170.735;171.1061;174.1594;175.711;188.366;224.19332;228.4316;310.9101;319.5696;346.1666;350.3030;443.2241;467.4991;537.1109;556.1362;636.6562;671.1072;678.1739;679.1673;680.3896;685.1096;707.1587;737.2121;738.269;740.841;805.1098;1039.4078;1046.4655;1070.784;1118.1280;1232.1237;1335.635;1362.2330;1373.640;1385.3877;1434.2671;1460.3051;1464.3728;1507.1476;1554.524;1577.6200;1595.340;1653.3049;1658.2984;1831.2711;1929.6187;1934.5047;1936.4692;1939.16957;1941.7772;1942.3040;1946.2384;1964.3497;1966.1195;1969.199;1976.860;1980.940;1996.15442;2021.1746;2114.679;2143.2531;2160.2322;2243.6368;2287.5027;2288.2030;2289.4771;2291.5397;2292.1680;2293.4843;2294.2127;2295.4774;2418.2774;2686.3351;2696.7233;2945.5408;2987.1211;3011.1561;3069.2115;3077.846;3081.3014;3278.502;3331.1495;3376.564;3392.2104;3411.1768;3438.1407;3440.628;3464.1391;3482.1758;3574.2263;3599.1669;3604.550;3605.4415;3951.2174;3953.2654;3955.1492;3957.2044;3967.1657;4470.4734;4577.7881;4612.3959;4618.12519;4645.1158;4646.1153;4647.1268;4649.2536;4675.741;4723.7725;4840.2455;4881.1684;4882.2759;4885.1168;4891.476;4897.3982;4934.1675
rugopunct:4.466
run:4.5571;15.18469;23.3448;74.1282;76.842;93.1496;122.5829;141.5716;157.16935;161.6439;182.6593;224.11332;226.7800;228.2009;229.5149;230.7206;310.17311;336.7547,12042;361.7477;423.2788;501.16968,18699;581.1184;674.6299;675.5139;732.1174;783.2430;970.8297;995.2169;1025.154;1077.1068,2760;1080.856,3483;1081.2555;1082.1632;1094.2619;1095.1045;1097.1462;1100.1003;1101.1371;1102.1287;1104.1188;1106.1169;1107.1210;1110.1245;1112.1444;1113.1486;1116.1331;1119.5949;1144.4883;1369.992;1370.223;1430.1735;1457.10846;1472.1107;1609.2584;1611.3068;1654.1130;1735.1049;1772.1597;1850.14513;1936.9949;1946.3237;2007.148;2020.2982;2075.7972,8775;2099.1096;2163.3997;2164.3360;2190.15603;2213.4917;2264.222;2287.2423;2288.2177;2289.1816;2290.1609;2291.2190;2292.1816;2293.1975;2294.2236;2295.1775;2319.214;2362.3018;2364.1902;2365.941;2366.1123;2367.1102;2368.646;2686.6030;3041.693;3043.541;3059.1801;3064.1187;3185.4270;3287.198;3309.3071;3336.2138;3369.3084;3370.12875;3466.222;3478.1355;3540.1155;3637.1911;3640.105;3665.2285;3707.4721,5532,7494,7699;3727.5214;3893.753;3895.540;3904.8465;3971.5003;4518.1122;4519.1356;4536.560,1063;4564.12824;4602.4844;4621.3556;4645.1357;4646.4089;4656.4246;4669.752;4716.5542;4868.1190;4940.10450;4953.11814;4958.14486;4978.10444;4979.5918;4982.7144;4984.5697;4989.229
russia:10.2068;47.1017;237.6626;301.138;392.1896;406.61;407.58;408.69;409.72;410.63;411.56;413.59;414.62;415.60;416.64;417.66;418.52;419.50;481.1052;485.250;558.136;758.591;1120.3526;1132.233;1144.3864;1231.301;1268.2053;1271.4318;1278.676;1280.3947;1293.436;1405.45;1439.342;1451.1323;1482.285;1485.5230;1643.79;1707.2989;1901.2767;1903.7401;1904.8630;1905.3211;1910.1855;1924.2779;1931.748;1954.6632;2024.258;2188.708;2294.207;2316.250;2378.5348;2379.5261;2395.94;2460.80;2461.90;2467.117;2475.93;2476.77;2477.99;2478.71;2480.125;2481.68;2485.85;2496.93;2500.137;2502.112;2504.70;2505.114;2621.416;2623.409;2638.279;2642.325;2648.314;2654.303;2659.307;2665.381;2666.265;2671.281;2675.407;2678.410;2679.411;2689.299;2692.186;2693.238;3005.164;3036.1161;3041.1079;3045.887;3089.7051;3194.769;3218.269;3233.103;3247.455;3476.165;3539.1274;3542.391;3543.1706;3545.1792;3585.152;3588.166;3589.802;3593.145;3620.630;3634.341;3638.298;3651.190;3652.1627;3654.93;3785.3443;3823.5814;3908.2454;3914.4482;3939.428;3951.5429;3952.2637;4091.164;4116.570;4129.150;4136.88;4149.167;4151.139;4154.176;4155.361;4156.225;4157.202;4160.178;4167.389;4168.120;4169.118;4170.173;4171.120;4175.119;4180.112;4184.342;4220.2342;4250.149;4251.533;4253.147;4287.251;4288.224;4289.184;4299.684;4300.308;4301.97;4302.297;4303.132;4304.308;4305.298;4306.227;4307.212;4309.290;4310.135;4311.165;4312.123;4313.331;4314.299;4315.193;4317.195;4319.313;4320.373;4321.116;4322.103;4323.171;4357.564;4373.329;4400.100;4403.148;4406.258;4407.277;4408.160;4409.219;4414.355;4416.135;4418.410;4431.381;4432.127;4455.118;4480.921;4547.94;4684.372;4876.300;4914.48;4915.139;4916.84;4917.8231;4918.5355;4919.66;4920.9629;4921.161;4949.11198;4950.6300;4953.8716;4956.8719;4958.10807;4961.9639;4963.6416;4974.5638;4982.8902;4983.6840;4992.245
rue:10.2597;873.22;1280.6175;1451.1926
rundlich:11.407;1626.735;2957.1416;3216.272;3295.166;3533.1160;3534.4825;3538.1104;4733.662
rubiginosa:11.1659;4956.8658;4958.14636,16602
rwc:19.263;616.260;710.225;735.400;1247.300;1299.245;1301.237;1345.237;1396.629;2317.689;3456.349;3463.233
rubricosus:25.7,45
ruga:26.7350,7441,7760;180.1053;350.1861;556.3734;636.1525;805.2578;1266.639;1385.497;1577.5923;2144.2612;2151.6963;2288.5646;2363.2254;2365.848;2366.1032;2372.1100;2387.806;3321.1179;3599.2326;3637.1594;3664.1646;3967.1699;4618.8333;4723.6489
rubus:26.11175;71.27856;129.14801;1842.431;3591.8410;4843.815
rubiacea:26.13919;1293.1276;1640.5211;3017.272;3312.1006
rudimentari:28.1576;182.4648;314.1113;1080.5759;1457.9456;1861.2358;2107.1470;2116.1862;2159.807;3127.2150;3185.12081;3268.755;3574.3802;3727.11237;3794.88;3904.16793;4039.5510;4704.1316
rub:32.1997;33.1783;36.1504;242.466;482.3201;655.1896;783.6463;1464.2888;2363.1574;3184.1086;4645.3057;4646.5388;4647.3279
rta:34.746;36.868;336.6309;1456.696;1547.923;2268.1267;2269.1125;2270.966;2271.1230;2272.1544;2273.1997;2274.2219;2275.1107;2277.1481;2543.1217;2544.2579;3628.653;4650.214;4651.5586;4652.227;4653.496;4654.174
ryukyu:45.76;606.21316;679.487;712.775;800.67;1370.599;3141.821;3401.348;3595.2167;3908.2421
rudal:45.5616
rufus:58.2831;184.589,1715;2240.9397;2897.3982,5121;4752.8144,96814,97046,97106,97147
ruyuan:63.1615;4929.313
rufodorsatus:71.19835
ruderati:80.87;463.92
rugovermiculos:92.953
rserv:108.-1;129.-1;135.-1;138.-1;153.-1;155.-1;156.-1;161.-1;1892.-1;2743.-1;2755.-1;2787.-1;2847.-1;2895.-1;2925.-1
rudiment:112.1433;226.6714,13434;228.2091;2027.5211;2106.6615;2215.2537;3224.1341,4456,4643;3369.4696;4986.2603
rugicolli:117.374;2151.7485
rte:122.816
rubio:142.776;336.2354;447.2039;449.821;453.775;1214.2972;2543.256;4268.28;4270.31
rubispinosus:147.111
rufopecta:150.585
ruboligata:150.1350
rule:167.3752;264.585;270.689;501.3761;506.7218;973.3327;1057.1822;1444.10494,11333;1458.27036;1945.530;2962.2153
rsm:171.-1;172.-1;174.-1;428.-1;556.-1;1046.-1;1049.-1;1053.-1;1373.-1;2320.5138;2987.-1;3069.-1;3278.-1;3310.-1;3669.-1;3966.-1;4709.-1
rsb:171.1623;172.1476;174.2100
rugula:180.951;636.6414;671.1176,1303;1385.994;1946.846;3967.5061
rugoreticul:180.1292;636.1461;1118.1290;1577.5971;3967.4761
rufescen:182.13;458.1462;539.30863;2738.4187;2761.11;2768.1551;2772.1002;3203.1858;3476.1545;3675.10
rufesc:182.3359;726.788
rufimanus:185.74
ruiz:199.6173;422.33;655.4556;986.6436;1095.2280;1099.3482;1611.796;2619.523;2908.693;2910.563;2925.47205;3582.4136;3595.5176;3861.286;4612.6907;4825.29
runjaic:199.12545
rutacea:205.227;1094.5615;1562.349;3583.5491;3595.5462
russellhansoni:208.66,1990,2481,6365,7623,8314,8994
russel:208.9358;673.290;756.265;986.5332;1229.1294;1230.1669;1681.362;1682.74;1964.3888;1966.2567;1967.988;1978.575;1979.47;1981.1766;1996.5967;1999.11;2001.514;2063.351;2065.321;2066.338;2067.358;2068.295;2069.319;2070.249;2699.83;3759.4954;3887.781;4543.5742;4752.19630
rubi:214.842;2997.483;3000.372
ryachophylax:223.11
runoff:241.1074;2549.10079,10159,10502
rusbi:250.3350
rusbyi:250.3835
rzedowski:255.899
rsa:263.300;2518.15312;3376.1300;4926.788;4928.730
ruwenzori:272.546;1192.21100
rwaburindor:272.980
ruapehu:273.352
rueckwaert:276.197;764.846;1255.243
rufifemur:298.138
rudi:301.545;2175.17;2890.841;4650.1114;4857.2418
rubbl:313.673;314.769;316.620;317.353;476.253;759.9201;1770.1447;1857.728;1860.1449;2239.11496;2241.17544;3024.1488;3760.1020;3824.846;3841.988;4600.144;4744.24674
rust:319.4776,5123,5838,6179;639.5759;755.2156;3940.3887;4674.5655,6322
rubra:321.10,2397;710.807;3184.627;3823.3787;4752.30600,30696,30842
rupestri:323.11;1092.2824
rugo:354.3279;636.1461;1118.1139;2954.1563;2955.1504
rumpl:377.1948
rubiginosus:381.672;2250.11;2867.1549;4746.17387,17453
rufat:397.13
rugilus:399.0
ruffo:399.215;1074.7911;1602.129;1721.11940;3785.4984;3821.1065
rural:399.309
russian:417.226;548.3264;624.911;684.656;1132.512;1144.3864;1186.1780;1439.1546;1931.748;2292.5664;2447.2181;3005.590;3194.769;3462.812;3476.1485;3582.3757;3583.4956;3584.2303;3585.152;3588.166;3589.1465;3591.7271;3593.145;3651.2068;4917.8231
ruth:420.206;1292.354;1515.38;1535.32;1956.52;2132.6561;4500.229
rudow:442.46;1205.218;1270.115;3625.84
rumi:447.5444;449.1191
rvvc:457.3745
rufopic:467.782;1392.4431;3431.415
rufotestac:467.797
ryde:486.245;1716.695
rubeus:506.2127
ryabov:506.5817
rybinskii:520.3613,3657,3735
rye:521.67
rusticus:521.6610,24090
rugosus:521.24008;533.9752,27527;3971.7548
rufitars:523.2359
rubenti:533.26908
ruficolli:533.26946
rufopilosus:533.27485
ruanda:537.3854;2738.4363
rugosip:539.7823
rufopalliatus:539.14069
rumseyi:539.19152
rubrithorax:539.33997
ruficep:539.34041;632.6415
rugif:539.34083
ruginosus:539.34141
rufobrunneus:554.560;2933.382
rugifron:556.3523;1883.10;1894.3703;1909.303;1910.8028;1914.1783
rufous:560.1703;561.1035;563.979;1392.4389;4878.3012;4925.523,627,853
rug:568.859;1537.471;2034.2644;2261.7572;2262.3394;2263.14996;4752.6118
ruben:583.863;596.169
russland:590.520;1244.500;1333.720;3071.1027;3275.989;3365.1078;4572.117
rwp:598.5605;603.989
rumeliacum:605.1788
rufo:620.60,137;732.1168,1222,1261,1327,1345,1666,1708,1767,1787;1204.809;2302.375;2390.1215;3241.201;3962.2644,2785,3487;4925.523,533,591,627
rutilus:621.82;2900.754
ruguloreticul:636.6521
rtsb:640.75;1360.86;3294.1193;3371.81
rugoso:671.1240,2695,3821;1881.2973;1900.2801,5182;1910.8070,17396;1912.3019,3200;2160.277,1344,2514,3439,4888,5036;3724.55
rugipenni:676.10;679.1968
rufonotata:680.6120;682.9;683.1917;684.5002,5249,5441
rufonotatus:682.72,107;2438.259
ruder:708.457
rupicola:725.4883;2323.942
runner:732.7209;1846.3075;3687.6528;4711.3636;4752.48497
rumph:753.97;1312.70;3126.109;3353.101;3501.188
russ:758.798;1482.285;2640.556;3403.83
runzlig:764.695;1561.1716;2009.801,1175,1289
ryukyuensi:794.2859;799.622;800.12;2024.17681
rudolphi:832.20;865.28;879.22;885.23;935.25;3944.8147
ryan:930.35;2426.2691;2433.384;4744.8186
rutili:946.18
rysavi:962.491
rstchasima:1008.2654
rufiventri:1023.206;1204.263;1270.102;3477.68;3938.62
rufip:1023.518;1390.2166;2620.3768;2655.9;3031.6;3189.152;3278.3571;4954.58429;4958.15225
rugulososcabrinodi:1026.38
rugosa:1032.59,348;1537.11;2399.700,1411,2259,3716,6355;2402.13;3593.3136;3982.384;4885.7,2088;4897.4023
rufisqu:1032.242
ruili:1058.6198
rubescen:1074.11;3612.10
rusti:1074.2643;1117.3421;2320.3655;3512.2860;4700.3080;4744.6263;4935.2424
rumin:1074.18708
ruibal:1083.22488
ruari:1083.229
ruptur:1086.13967;1097.3385;1105.2627;3035.1177;3550.487
ruin:1103.2960;1831.4265;1924.2513;2436.866;3326.596;4940.21646;4946.17716
rwanda:1172.401;1892.9230;3180.186
rutherford:1176.4438
ryani:1188.1383,1430
rubroalata:1192.241,278
rupisalda:1192.3461
rupestr:1194.11919;4619.2969;4620.5287;4625.1785
rugous:1196.419
rufoornatus:1204.809,894
rubidum:1218.1505
rusch:1234.5001
ruficorni:1241.758;2665.10
rumaenien:1255.813;1333.676;3275.930
ruzskyi:1267.11,239
ruppel:1276.111
rump:1289.9684;2051.1094;2066.1912
rufizonata:1290.98
rugipleura:1308.1704
ruthenici:1315.148
rundu:1319.844
rubber:1330.363;1485.4494;2358.16582
rudimentali:1361.1439
ruvida:1361.2490
rucker:1362.5258
rumsey:1362.5315
rugosula:1385.2668,2798
rufobrunn:1392.4334
rufoflav:1392.4483
rss:1403.370
rugipectus:1410.7,45;2136.753
rung:1416.5055
ryukyus:1433.2958;1629.876
rumici:1441.7;2382.13925
rumex:1441.589;1512.0;3212.0
rumphius:1445.192;3501.254
rushforth:1446.327
rudnik:1452.174
rurrenabaqu:1466.10217
rydberg:1476.2113
ruzicka:1482.806
rubripenni:1494.10
rur:1532.2854
rufa:1538.44;1561.89;2009.50;2329.733;2694.117;4958.7271,14735
rude:1538.142;2925.12266
ruguloso:1538.168
rungbong:1543.2636
ruecken:1561.1966;1604.3080;3033.423;3075.793;3295.736
russo:1563.1188;1602.382;4744.18293
rufulum:1578.562
rumpfringen:1604.3067
rumpf:1604.3570
rufum:1606.11,43,247,260,303;2694.241,284,297,340
rueb:1626.35
rumphii:1628.6
rtia:1848.9274
ruffl:1860.1545
rum:1882.4045;1912.3882
rugul:1883.4399;1890.3501;1894.543;1910.6631;1913.4896;1914.8132;4680.1312
rujum:1885.2357
runyenj:1899.4887;1903.5657;1913.5823
ruma:1900.7011
russelstown:1903.5066;1904.7200
ryrholm:1904.9365
ruhschutt:1917.1571
rugulo:1946.909
ruge:1952.5935
ruemmleri:1957.9,60,721,898,1043,1296,1415
rummler:1957.272
runion:1961.-1;2790.-1;3131.-1;3138.-1;3143.-1;3149.-1;3150.-1
rugulosi:2009.301;2160.878
runzeln:2009.821
rvpolarstern:2024.-1
rubidusyoungman:2053.5336
ruidosaehal:2053.5377
rupestrischattin:2053.5416
ruricolahuey:2053.5460
russeolusnelsongoldman:2053.-1
rufescenswi:2059.3061
ruschi:2073.7263;2075.6913;2090.758
rubicundus:2121.540,769,875,997,1097,5620,5664,6020;2123.5703
ruta:2132.6037;3948.1988;4949.8597;4955.5505
rubricatus:2138.467
rubrovariegatus:2150.8449
rugaticep:2160.8
rugulosa:2160.321,1377;2658.60
ruandensi:2162.4330
rupicol:2186.6448
rustic:2213.10298,10893
russelman:2239.11832
rush:2240.13796;3335.9087
rubidus:2246.3909
ruffinus:2265.8,59,98,401,977,1857
rufulus:2271.432;2910.251
rugulosecoriac:2288.5923
ruguloseareol:2289.4887
rugosereticul:2291.4802
rugulosegranul:2293.4939
rugulosereticul:2293.5123
rubri:2303.136;2305.98;3031.80
rubbish:2307.2919;4558.423
rufifaci:2341.1974
rueppel:2391.26
rudman:2391.479;4518.2100;4519.2181;4533.1238;4538.955
rwtc:2421.838
rsch:2434.372
rslerstamm:2468.-1;2503.-1
rvle:2521.-1
rumania:2629.328;2636.223;4406.2584
ryang:2637.252;2662.243
rufocingulatus:2656.9,274,517,605
rugulosus:2658.9,95;2777.3204
runit:2700.-1;2725.-1;2857.-1
rvision:2709.-1;2711.-1;2728.-1;2732.-1;2748.-1;2755.-1;2756.-1;2762.-1;2766.-1;2788.-1;2789.-1;2795.-1;2806.-1;2827.-1;2850.-1;2860.-1;2865.-1;2896.-1;2898.-1,-1,-1;2910.-1;2925.-1
rviser:2721.-1
rsult:2721.-1;2806.-1
rubeoviolaceus:2722.914
rtrcis:2724.-1,-1;2732.-1,-1;2733.-1,-1;2734.-1;2738.-1;2754.-1;2759.-1;2761.-1,-1,-1,-1;2767.-1;2791.-1,-1;2800.-1;2854.-1
runiss:2725.-1;2904.-1
ruyet:2727.1948;2739.346;2775.1162;2800.3823;2833.2036;2859.546;2925.30740
rtrci:2734.-1;2759.-1;2767.-1;2791.-1;2859.-1
runi:2738.-1;2760.5618;2761.-1;2775.-1;2805.-1;2844.-1;2897.-1;2901.-1;2925.-1
rugueus:2743.799;2759.3227;2800.5384;2859.3687;2913.3686
rseau:2754.-1
rsum:2777.-1
rvise:2781.-1;2801.-1;2806.-1;2811.-1;2909.-1
rsumer:2801.-1
rtabli:2806.-1
rufescent:2820.3816;4991.194
ruisseaux:2838.313;2845.501;2848.656;2925.3709
rsiduell:2882.-1
rsultat:2925.-1
rythment:2925.28024
rupr:2931.1409;3583.5270;3595.5063
rubricephalus:2942.10009
rubro:2944.309
rundum:2947.813
rund:2948.261;2955.1625,1819;3510.132;3538.1104;4481.115;4733.597
rundlichen:2957.1558;4733.662
rueckenflaech:2965.2037
rufigeni:2978.9
rugoreticulum:3016.593
rueckenfleck:3033.675
rubrimera:3127.11005
rueckwaertigen:3128.917
rugegensi:3180.780
rudbeck:3187.414
runden:3193.669;4733.597;4734.825;4736.510
rus:3203.643
rufobalteatus:3278.3611
russula:3301.0
rsc:3309.-1
rudbarak:3326.2590
ryngo:3370.17095
ruderibus:3437.96
ryland:3439.1080;3853.22
rugabinthus:3449.0
rubromaculatus:3452.3258,4072,4294,10801
rudb:3484.294
rudg:3495.491
rupibus:3495.952
rutilovirescen:3503.18
rumpp:3503.34
rugh:3505.701
rtlichbraun:3529.-1
rtlichbraunen:3532.-1;3538.-1
rudbeckia:3582.4187
ryu:3591.4770;3726.1078
rufocuprea:3597.5045,5209
rugimanus:3599.68,250,780,5879,6005,6603,6715,7209,7496,10139,12349,12967,13035,13132,13384,13576
ryder:3640.463
rutilo:3649.120
ruguloscolyti:3663.2295
russellia:3664.349
russellella:3664.524
rst:3714.1400
rugosissima:3733.122
rui:3759.4768
rubl:3767.878
rybakova:3770.1257
rustica:3798.887,1239;3804.12
rubiescensi:3893.2202
rueh:3943.3197
rybnki:3957.-1
ruler:3964.2605
ryazanovka:3975.269;3987.354;4015.307;4026.205;4027.319
rupshu:4043.2527
rupelian:4045.50;4055.70;4071.43;4072.55;4078.58;4086.58;4100.54;4105.53;4106.56;4119.54;4122.182;4127.67;4190.47;4248.102;4277.177;4366.50;4374.1198;4384.49;4397.181;4406.1207;4411.119;4412.46;4413.457
rutot:4054.25
ruscurianus:4076.10
rubioi:4079.10
ruggieri:4234.229
ryall:4270.46
rubal:4291.142
rumana:4318.15
rutish:4460.34
rupit:4497.107
runcina:4523.0;4524.1266;4530.209
runcinida:4524.1204;4530.194
runcinidea:4524.1221
ruach:4570.884
rybnik:4572.297
rumea:4591.1333;4592.203
rullier:4708.10532
rummag:4723.11583
ruber:4744.7779;4752.30035,30708,49936,49982,50021,50436
ruvettus:4744.14977
rutter:4744.33002;4752.94268
ruetzleri:4746.11315
ruetzler:4746.11348
ruse:4746.12553
rubrioculus:4751.8,468
rubr:4752.29150
rypticus:4752.34373
ruptus:4752.99588
rubripinn:4752.105660
rubripinni:4752.105747
rubrocinctus:4752.110103
ryongak:4843.10294
ryuuousan:4843.23687
ruthless:4857.21950
rundel:4860.5303
rumipata:4882.3755
runcig:4902.14
rtexta:4927.77
rusk:4940.14461
rutka:4963.7170;4982.8799
rutj:4990.2194