bumberri:3.1541
bursa:3.6271,6435;7.5490;8.1063,1102,2254,2293,2994,3033;491.9747,10556;546.823;655.2754,5679;732.5996;761.2524;763.2737;789.1435;1099.3902;1100.2124;1102.2399,2455;1107.3432;1108.2147;1114.3399;1115.3075;1116.3323;1133.1579;1143.1153;1231.3369;1332.3119;1392.5505;1435.3303;1443.5909;1522.1639;1636.5610;1953.17640,17788;2027.6364;2161.7785;2258.4854;2440.873;2451.2609;2452.4753;2464.298;2498.606;2508.2252;2509.1907;2510.1804;2511.1892;2512.1825;2515.2364;2988.4329;3166.2677;3169.2635;3171.2458;3266.3730;3276.2180;3336.2035,2153;3509.2841;3517.2525;3572.2494;3703.3072;4843.8535;4925.1588
buccula:4.4638,4712;1433.949;2074.2281;2079.754;2080.1976;2082.845;2565.2779;2572.3727;2573.2272;2574.1890;2575.4162;2576.1186,4459;2577.4036;2578.3406;2579.3229;2580.2723;2581.3374;2582.3655;2583.3782;2584.330,377;2585.3917;2586.3200;2587.276,3661;2588.254,3557;2589.3329;2590.3492;2591.1480;2592.3899;2593.3130;2594.4057,4108;2595.383,2978;2597.2913;2598.256,3698;2599.3353;2600.3277;2601.2594;2602.4236;2603.3002;2604.3490;2605.3441;3749.675
bushland:7.1283;725.7099
burwel:7.1972
but:9.628;182.6242;281.480;559.664;560.6361;686.3293;986.5534;1083.632;1086.19391;1090.4268;1152.6219;1752.1838;2108.4701;2326.8685;2365.2793;2374.4450;2686.7145;3106.404;3208.2690;3346.7216;3487.2443;3609.13235;4543.4620;4701.435;4711.3795;4718.4284
busarellus:15.20461
bug:26.193;74.6774;2573.4905;3483.488;3622.382;4494.5815
bueno:26.4870;28.589;214.1263;426.228;447.343;567.4725;714.10152;977.402;1095.2048;1207.124;2299.7285;3077.189;3607.14024;3673.347;4612.8243;4879.5663;4949.11289;4957.5232;4961.10282
burser:27.188;1425.183;1521.166;1605.199;1659.190;1829.194;2393.154;2398.178;3187.188;3655.838;4490.201;4566.165;4643.143
bulb:30.1660,6500,6547,6654;31.429,678;34.2380;36.2582;336.5915,5963;468.368,437;469.4404,4497,4562,4634,4747;639.3631;716.931;783.3434;1456.983;1466.8745,10512;1531.730,750,1610;1547.949,1015,3078;1557.220,887,1051,1172,1207;1563.28531;1651.3132;1668.2108;1669.762;1683.1230;1700.1055;1717.3962;1947.2910;1949.2993;2020.2223;2047.1657;2199.6433,8484,14732,19092;2200.6506,15343,17283,20339,22496,24103;2202.5369;2206.11538,13291,15618;2208.2845,4956,5880,7200,7481;2210.3378,6550;2216.2592;2217.2594;2218.2808;2219.3679;2222.1082;2225.1395;2227.1467;2229.829;2248.2813;2336.2364;2337.1509;2343.1995;2348.2088;2349.1747;2350.1943;2351.2015;2352.1991;2353.2199;2355.2201;2356.2182;3009.630;3010.1426;3335.7670,8181;3366.1842,3631;3464.662,2499;3628.695,1057,2464,2481;3634.2077;3636.378;3637.2631,5095;3638.1858,6799;3736.2944;3745.809;4473.2842;4474.3571;4475.594,3542,3775,3913;4602.3959;4660.5234;4662.5124;4666.4354,4385;4896.3352;4911.4470
buri:30.14297;1122.5275,7879,8916;1124.4211,6350,7437;1752.1678;1879.8885,9028,9506;2373.1454;3647.9123;4484.5635;4486.6904;4496.6415
bump:32.4523;171.904;172.787;174.1312;581.1106;789.4024;1083.25348;1996.16544,17751;2190.3818;2381.1199;3370.2852;3439.976;3904.9268;3905.7750;3906.4085;4954.7557;4985.4586
buck:37.445;714.7068;1362.5147;1390.2562;2336.5183;2351.2916;2356.10669;4745.2541;4752.16770;4928.2582
burn:37.619;501.18831;1475.483;4502.767
buchner:47.387
burdelov:47.418
bulg:71.14442;85.6864;108.10920;129.13640;310.11091;347.1555;348.2465;501.4748;508.12858;623.1570;624.2576;626.1510;636.2046;731.1232;805.1576;1231.2384;1362.1404;1440.1166;1549.273;1564.1530;1565.3197;1566.1995;1569.8242;1721.6435;2013.2600;2150.3331;2241.7748;2242.2987;2565.12646;2576.1235;2594.1138;3016.353;3240.3288;3392.1360;3411.2535;3452.8716;3465.4000;3482.673;3539.834;3545.704;3574.1382;3599.12846;3640.4160;3647.6796;3699.1297;3885.8589;4034.1391;4855.280;4868.4362;4940.13033;4971.8530
bunt:71.15879;3075.456
bunyatova:71.24014
bush:71.27622;336.9096;347.4194;501.16180;639.6867;708.326;1177.5275;1360.355;1362.4882;1413.526;1683.732;2966.298;2969.299;2970.315;2971.439;3049.2085;3340.7626,7797;3572.5846;4610.87;4652.952;4876.4386;4903.1247
bundl:73.4452;527.877;543.963;747.2333;763.3848;1016.3399;1214.4641;2981.2086;2982.2324;2983.609;2984.657;2985.1885;3542.3959;3564.419;3707.6983;4564.12401;4935.1959;4994.4721
burma:75.118;192.814;727.644;993.1044;1013.8931;2634.1930;2978.152;3142.2062;4898.520
bung:78.13;991.1283;1001.653;1005.1483;1011.621;1058.8824;2440.4298;3591.7937;4843.26098
bull:78.35;84.360;164.140;165.861;300.59;357.103;477.137;1074.393;1279.113;1446.835;1462.56;1495.21;1958.145;2119.1977;2392.55;2542.140;3017.121;3052.936;3305.505;3495.78;3645.635;4043.107;4619.272;4620.390;4623.85;4626.107;4628.101;4629.81;4634.89;4636.88;4639.89;4640.115;4642.132;4670.21;4835.45;4857.2963;4922.93
buenavista:83.7723;1568.4759
bsa:84.518
butwal:84.1966;3495.2985
butler:105.20;228.3513;1464.9507;2307.851;3102.29;3167.658;3172.881;3745.383;3946.985;4744.1555;4745.2306;4746.5025;4752.12888;4820.102
bulgi:108.10754;116.437;131.2893;134.2868
burmeist:108.12546;111.1336;127.127;145.115;146.95;150.349;152.1002;1565.215;2016.22;3214.116;3267.191;3946.655;4583.1612
bscher:116.-1
burkartii:128.88,252
busck:142.248;1090.522;2355.2419
bubast:148.2590
bulbosa:150.743;3029.12,3048,3832,3867,4092,4401;3688.15,275,2887,2958;3690.4398
buff:208.8277;1457.3210,10800;1563.18535;2036.1111;2037.1502;2038.809;2044.800;2045.798;2059.4467;2066.1759,1805;2068.1436;3103.1002;3109.1855;3110.403;3119.487;3121.334;3248.563;3399.757,944;3465.3709;3479.2839
buloh:209.1665;578.200;2361.564;2373.3536
bulletin:210.10372;307.831;310.4751;311.1866;2125.5241;2925.31284;3184.21
built:215.1248;491.7675;1996.53763;2283.1287;3624.1822;3967.7068;4619.3452
burwelli:221.4830;222.10307,10858,10947,11203;1041.684;1043.8,70,650,884,1293;1046.5623,5739;1049.2066
bulbous:224.2586,3074,4889,6423,8193,8218,21930,22262,22957,23903,24134;227.1231;230.9368;273.1080;342.3134;509.13478,14763;691.3846,4985,5123;730.2391,2662,2715,2870;1444.6586;1543.2397;1554.3496;1651.3132;1755.1015;1844.1734;1953.8622,14937,16769,29339;2150.7887,8010,8222;2161.6393;2166.657;2168.520;2169.819,1481;2170.1518;2172.2617,2685,3324,3891,4019,5426;2173.1254,1494;2200.5688;2202.934,7455;2241.8331,8498;2242.9515;2248.2722,3041;2514.1142;2515.1889;2518.2702,18965;3029.190,583,2982,4132;3184.1234;3261.2522;3431.916;3462.406;3940.1199;3944.3480;4483.2756;4498.2676,8079;4880.3356;4882.3233;4890.2790;4895.6674;4925.1827
buccal:224.3195;226.14202,18781;227.1764;229.1264,2301;233.1089;730.4524;1850.4720,5230;1947.3150;1949.3232;2109.4067;2171.1591;2216.2261;2217.2201;2218.2477;2219.3348;2225.1131;2227.1203,1871;3185.4302,6605,11250;3607.3705;3608.3973;3609.3743;3610.3571;3611.1995;3634.1881,4531,7491;3637.2494;3638.1925,3495;3707.4134;3747.1067,2868;3904.8497,9647,11118,11697,16218
butt:225.159;226.13619;228.491;230.5801;233.2067;737.528;738.665;739.132;740.3587;2243.12891;2739.1358;3670.165;4928.561
bulk:226.904;1841.70;3707.696;3893.116
bulla:226.8505,8635,9096,9196;309.1824;310.8717,9007,10058,10581,10743,14812;311.3287,3328,4026;312.1196;342.759;482.9993;1522.1603;1563.13059;1844.2372;4548.1041;4549.992;4550.1069;4893.559,2730;4945.4556,5177,7284,8624,9225;4946.16650
bullae’’:226.8635
buccolingu:227.2831;230.17118;1970.1706
butler’:228.3688
burundi:236.262
bulgaria:237.6714;605.2084;613.2849;1365.378;1620.173;1904.5863;2446.596;2636.235;2669.180;2697.386;2945.8955;3218.740;3338.372;3450.49;3497.57;3623.4586;3823.5714;3826.1343;3827.1226;4149.139;4151.102;4156.206;4157.165;4175.109;4177.271;4254.94;4299.647;4302.269;4303.104;4305.270;4311.146;4312.104;4313.303;4314.271;4315.174;4317.158;4320.354;4406.221;4407.240;4408.141;4416.98;4418.373;4431.362;4450.186;4480.798;4668.51;4876.104
buckl:241.183;1834.52;4744.3656
bulli:241.627
burger:248.305;250.5662;271.822;1122.8066;1124.4401
buena:250.3906;254.72;1568.4267
burgess:258.827;4752.88837;4958.11438;4963.6253;4978.10091
burch:271.752
bundibugyo:272.76
busiro:272.895
buller:273.2788;2064.4,39
butterfli:296.1397;1096.2785;1101.2995;1116.4207;1198.2231;1205.1865;1297.4735;1892.10118;1913.7326;2320.5183;2335.651;2448.6069;2988.1291;3096.632;3098.392;3110.511;3116.404;3444.2352;3944.1609;4610.77;4752.87887
bujari:304.2109
bullar:310.5737,5766,14812;311.3328,4412
burrow:319.523;735.365,594,756,871;1563.32852;2021.6067;2029.2205,2375,3346,3443;2030.3613,4314,4411;2031.2645,2815,3669,3736;2032.1665,1716,1962,2413,3107,3206;2033.1704,1755,2501,2597;2034.1421,1472,2134,2231;2035.1887,2056,3045,3142;2036.1600,1770,2505,2602;2037.2487,3000,3134,3402,4620,4687;2038.1240,1524,2296,2393;2039.2244,3037,3103,3129;2040.1696,1866,2617,2714;2041.2512,2794,3628,3694;2042.2318,3301,3368,3397,3509;2043.1869,2039,3034,3131;2044.1365,1535,2275,2372;2045.1312,1363,2107,2204;2046.1742,1788,2032,2365,3031,3598,3664;2047.2504,2601,3312,3379;2048.1950,2877,2943;2049.2638,3864,3930;2050.2678,3740,3806;2051.1788,2535,2601;2052.2288,3070,3137;2053.12405,13026,13092,13145,13365;2055.3060,3971,4956,5022;2056.2547,2747,2813,3083,3143;2057.2083,3253,3320;2058.1947,3045,3112;2059.10037;2060.1689,1876,2582,2679;2061.1577,1764,2582,2649;2062.1841,2011,2752,2818;2063.3133,4415,4480,4503,4636,4756;2064.1867,1918,2679,2776;2065.2911,3790,3887;2066.2672,3446,3543;2067.2734,3532,3629;2068.2260,3025,3122;2069.3016,3767,3864;2070.3141,3979,4076;2071.337;2549.7815,8389,9891,9961,10015,10599;3005.1077;3370.16105;3540.2466;3541.761;3542.3347;3545.1174;3546.19;3647.12310;3747.4399;4744.4550;4745.5046;4979.4889;4986.6782,7083
bud:319.1978;377.3876;1029.1701;1074.3723;1176.4670;1178.6451;1610.2550,2573;1614.671;1621.399;1634.2820,2931;1825.2786;1826.6484;1927.714,1071;2106.2695;2108.770;2116.2270,2655,3290,3584,3744,3901,6079;2119.7147;2254.131;2261.5513;2262.2101;2263.2467;2518.2641,7057,18985,20950;2970.760;3011.1148;3315.1537,2704;3759.1824;4612.5988,6104;4619.1029;4620.1452;4621.1471;4624.662;4723.19194;4740.2727,3162,3331,3767,3919,4348;4843.26116;4859.1998,2097,5162;4986.2636
buchananii:319.7895
buffer:319.9597
bureau:340.631;341.448;4543.301;4752.3864
bunwong:357.33
buton:362.2048
butuan:362.6059
bunawan:362.6265
burdwood:377.9065
bujan:395.4147
buru:403.4534;3174.1199
burla:411.34
buliminida:425.72
buliminusida:425.149
buliminus:425.149
bulimina:425.283
bulimus:425.641;551.175;1228.0;1350.43;2551.0;3658.0;3719.54
buckeridg:431.3529
buysson:441.327;1198.1413;1211.24;2259.24;2519.457
buxbaum:445.197
bucher:453.179
bwh:458.3068
buu:466.1975
buchanan:483.26;1717.1547
bss:484.1362;4498.241
buscal:486.24
byu:501.350;4888.4895
buergeri:501.2551,19176,19362;765.542,952
burm:502.23;720.15;1303.145
buendnerisch:502.1330
buniana:506.4907
burlini:518.842
buruensi:521.4026
buloloensi:533.6016
buscki:539.30927;4744.7925
bucida:598.7966
buenavent:636.4782
bushbabi:642.138
buccinoidea:669.248
bui:671.62;1014.268;2114.2458;2327.2369
build:713.1588;1097.3515;1116.4250;1296.273;1430.1762;1466.9843;1563.33169;1716.296;1831.8571;1904.9615;2213.534;2215.3653,4722;2307.675;2559.697;2970.268;3370.16099;3591.5472;4651.4637;4674.7450
butant:714.5219
buckup:714.8800
butea:720.342
buttgenbachi:722.9
bullat:725.2320;4994.3757
bunkley:730.286;4752.55644;4771.559
bsc:732.6074
bursal:732.6270;1392.5584,5660;1953.3102,12252,17270,17788
butelli:737.852
bycatch:766.956;4744.23696,26270;4811.121;4834.111
burragh:768.30
bulolo:789.156
buettikeri:804.1033
burk:805.16;1394.190;1597.3546;2024.18356;2429.6678;2436.1393;3315.4849;3498.4209;4821.688
bursey:811.299;815.188;821.197;824.310;834.452;853.774;854.170;877.499;893.333;897.186;898.196;906.810;908.622;909.388;919.302;920.255;921.191;931.139;943.258;945.291;955.260;959.128;964.432
bufoni:813.233;962.390
bullfrog:826.283;837.369;891.337;920.1039;963.184
byrd:829.27;870.215
burt:834.171;843.157;844.240;853.723;858.192;859.459;861.260;863.171;872.177;877.272;893.235;945.169;946.179;947.156;956.152;960.163;2064.746
buttensi:838.15
bunodera:889.0
bychowski:927.22
buhler:958.136
bufo:962.390;1266.1087
buon:1013.1363;2373.2699
burga:1026.565;3497.1514;3823.5686;4876.2432
bugr:1029.8936;1210.3180
buccinum:1032.0;1312.0
bwa:1038.102
bwi:1038.106
bspg:1054.3842;3240.510
bubang:1058.6290
bulang:1058.7192
bundera:1061.0;1067.2421
butayei:1074.1221
butay:1074.1366
bucculatrix:1090.2552;2440.0
byotop:1125.3080
burchel:1131.1342
busquetti:1131.1429
buzato:1131.1443
budapest:1138.182;2611.2121;2634.768;3583.523;3605.716;4541.316;4940.12579
buzzetti:1177.141;1178.24
buenoi:1186.434;3622.25,1220
butleri:1188.141,183,205
bucayana:1192.1565,1618
burmanica:1192.11214;1959.1028
buritaca:1205.2991
bulbus:1218.2297;1507.1265;1542.750,1132,1185;1595.1144;2317.4617;2544.2651;3440.1333
bulimulida:1228.596;3658.703
bumban:1230.1506
bumbanian:1230.1938
buryatia:1231.72
buetsch:1254.25
buraco:1273.103
buhl:1275.18;1515.184
burkina:1276.862;1884.5993;1900.5664;2518.8943;2843.576;2844.883;2866.934;3396.767
bulatova:1276.1628
buttock:1289.9694
bulawayo:1319.1099;2995.1271;2997.3212;3001.2593;3968.33
bubi:1319.1177
burseracea:1344.837
busto:1353.556
bundaberg:1367.483
bumpi:1368.2450;2184.8151;3184.894;4954.23298
byuc:1390.3240;1723.2426;4675.551
bukidnon:1413.305;1934.2570;2531.464;3174.841;3175.147
bushman:1421.2119
byaul:1434.3544
bzyb:1434.4573
bzybian:1434.8426
bukhkalo:1439.131
burmes:1457.3281;4718.9167
buffington:1460.197
budick:1464.10038
buenaventura:1466.899;4934.8464
butantan:1466.9823
buckley:1476.122
buffum:1476.2248
bunkhwamdi:1478.7693
buthus:1480.4;3420.4;4483.4
bukit:1485.4267;1595.1378;2289.105;2293.321;2362.146;2569.192;3755.101;4655.180;4990.617
burkilli:1486.5855,6003
byssus:1527.0
bucculentus:1528.4,31
bulbin:1594.163
byatti:1599.29
bulgarisch:1604.294
bulgar:1604.294
burgundus:1610.2261,2456,2739;1613.233,357,818
bud’:1614.711
budanj:1646.476;3371.446
burdigalian:1666.453;3389.109;4114.81;4120.460;4121.689;4130.57;4131.66;4132.56;4142.170;4162.52;4164.207;4166.54;4196.81;4229.102;4233.55;4259.145;4269.67;4280.65;4335.49;4338.60;4339.66;4356.48;4357.136;4358.55;4382.49;4386.66;4393.58;4394.210;4405.57
bubbl:1698.4281;1824.571;2391.3037
burnley:1716.2187
byron:1728.346;1739.362;1760.227;1762.212;1774.177
burni:1739.256;3781.943
bunch:1743.956;2069.2476;3851.495
bunburi:1771.245
bumroongsook:1834.252
burleson:1834.420;3008.444
buttress:1836.1849;1973.583;1996.55506;2391.1158;3011.183;3539.768;3545.623;3547.912
bunostoma:1840.1293
burnt:1844.275;2242.12533
buyssoni:1845.3388,4417
byssal:1856.2365,2388,3564;1857.3251,3283;1860.3030,3062;1861.2493,2512;1867.1196;1870.1892,1922
budongo:1880.3905;1899.5102;1900.7971
bulburin:1886.5241
buccatus:1901.10,75,2867;1902.3559;1908.672;1910.1972,13974
bufocrocodil:1932.2587
bukra:1939.2359
bugguid:1952.5126
bulgari:1961.3855
burmesit:2016.67
bussol:2024.194
buzzi:2027.473
buller’:2030.587;2064.4
bulleri:2030.623;2064.39,200,464
bysiz:2033.2570
bursarius:2036.287;2037.32,189;2038.186;2039.351;2040.194,350,2810;2042.319;2043.296;2055.6131
bursariusshaw:2037.505
butjon:2038.1913
bunchgrass:2042.1670
buffi:2043.1072;2123.20943;4548.1485;4549.1390;4550.2658
bulbrvorus:2047.32
bulbivorum:2047.182
byj:2053.8101
buti:2053.12078
bulbivorus:2055.5772
burton:2055.6921;4660.10126
bullatusbailey:2059.953
buffto:2063.1994
buffalo:2108.2084;2190.1809;3688.381
bunyacu:2112.197
bubong:2114.2970
buen:2126.5095;3675.323;3678.344
burcheri:2134.11,3387;2136.6043
burcher:2134.4312
buschig:2185.1014;4481.99
bukej:2188.17
bulki:2213.4399;3877.1879
buidei:2213.12506
bulldog:2240.15027;2243.18253
budakeszi:2247.2299
bugarska:2257.266
butscher:2261.4798
burum:2263.1864
budd:2263.2467
bullumbooroo:2263.11506
burbidg:2307.841
busk:2308.21
burkart:2384.1663
byer:2386.1452
buzzard:2387.8550
bvms:2400.77;2402.61;2403.84;2404.90;2405.61;2407.93;2408.60;2409.67;2410.78;2413.71;2415.58
bucsd:2440.3830
buir:2447.920
bulak:2449.468
burjatia:2504.78
buldakova:2515.762
bur:2518.8943
buca:2538.1022
buddenbrocki:2558.10616
buxton:2563.685
button:2563.1041,5400;3694.486;4608.2387
buccular:2565.2837;2572.3777;2573.2322;2575.4212;2576.4509;2577.4086;2578.3453;2579.3279;2580.2770;2581.3424;2582.3705;2583.3832;2584.377,3277;2585.3967;2586.3250;2587.3708;2588.3604;2589.3379;2590.3542;2591.1527;2592.3940;2593.3171;2594.4108;2595.3028;2597.2963;2598.3759;2599.3400;2600.3327;2601.2644;2602.4286;2603.3052;2604.3537;2605.3491
buakaw:2571.425
bybe:2594.1495
burgeon:2595.951;2746.883
burketown:2602.1697
burenchaan:2683.260
bulwensi:2857.5102
bururi:2914.575
buprestiden:2925.46631
burgenland:2945.8735
burakovski:2945.9707
bunalski:2945.9793
buchanani:2947.137;2951.139
bzw:2949.2176;2955.1113;2956.467;3533.1295;3534.3733,4974;3535.1329;3536.1414,1475;3537.1572;3538.1844
budashkin:2958.3121
bukhta:3005.240
bytinski:3013.419;3309.177
bulletrap:3029.336
burdur:3069.81
bulgarien:3071.1654;3422.1465;3436.1158
buprestolog:3080.4576
buttler:3124.968
buoy:3139.683;3599.1224;4706.10116
busanica:3174.1709
busa:3174.1836
buetschlii:3185.9262
bulgarica:3198.339,356,417,427,1081,1337
buerdet:3199.1055
bueckl:3218.544
buchten:3221.501
bucharest:3224.155;3338.130
buriti:3236.57;3340.7063;4986.317
bulgakov:3254.158
busalangga:3256.314
buhlmann:3260.5078
buncomb:3285.157
buceria:3361.3861
bukama:3412.619
buprestida:3443.925;3648.5617;3665.6147
butternut:3463.341
bulbal:3464.2623
burnup:3478.1505
bullati:3490.201
byal:3497.2177
byelorussia:3539.1196
bukmyeon:3584.1890
bulam:3586.1994;3592.1671
bukdaesa:3589.3122;3591.2287;3593.2559
bundang:3589.4296
bukbang:3591.1373
bumalda:3591.8566
bystica:3619.383;3620.418
buk:3630.65
budnikopleust:3650.1071
buchnera:3666.167
bulbosus:3688.4815
bylund:3762.922;3764.1037
buitendijk:3785.4210
burdon:3797.1123
buln:3808.1011;3817.733
bunar:3826.1247
burgo:3884.1177
bulkier:3885.12857
buscalioni:3897.1326
buchannan:3903.2076
bythinini:3925.6
bythoxenit:3925.51
buomvoi:3944.7,1513,5666,5964;3946.9653;3947.3567
buom:3944.7
btg:3944.2251;3947.2757
bstvina:3951.-1
buchtovka:3952.883
bulov:3952.1147
bulhari:3956.803
bula:3967.7376
bsd:4043.1849
burdigalensi:4114.12;4117.16;4280.10
buch:4133.30;4737.185
burdigalicus:4196.10
bucklandi:4198.10
bullula:4199.10
buccheri:4234.240
buzzurro:4266.40
burgadoi:4274.8
bucquoy:4276.123;4294.2333
buchi:4357.87
bykova:4409.1959
bucerus:4473.8,711,804,1450;4475.3644
bueng:4484.5645
bugula:4502.557;4507.1384;4510.912
bucephala:4505.430;4531.14,1320
buffycream:4548.1914
burra:4600.253
bullous:4605.2834
buddleja:4610.0
buffelsrivi:4647.4476
bursera:4651.1326;4653.1671;4654.735
bucanero:4653.4347
bvbnd:4655.1041
bzio:4703.-1
bythinella:4710.0
burmannus:4721.98
burman:4721.98
buchii:4737.17,88
burrfish:4744.32641
bullock:4752.25200
butter:4752.27821
bulley:4752.40515
bumper:4752.50511
buccanella:4752.60382
burro:4752.76661
butterflyfish:4752.88362
bucktooth:4752.105407
bucciferus:4752.110477
bythitida:4766.149
buskea:4841.0
bycjum:4843.10919
bueyuekcekmec:4846.67
buildup:4857.14493
bukittinggiana:4867.20,883,1195
bukittinggi:4867.3991
buinak:4916.118;4917.1807;4920.2817
burson:4926.5950
burgeshal:4940.12082;4946.15066
buda:4940.12568
bystraki:4942.10052;4971.5756,6146,7820
bystrak:4949.5664
bulo:4949.8773
bundoon:4953.16037
burgershal:4956.7440;4961.8990;4966.6159
bvirmania:4961.19220
burgert:4975.5572
budantzev:5001.131