zoobank:6.36;7.36;8.35;16.113,134;51.36;52.39;53.38;54.39;55.38;56.39;57.41;60.36;61.40;62.38;63.37;64.39;65.40;66.40;67.39;87.54;88.51;89.69;90.52;96.57;98.64;99.57;101.55;222.46;484.68;499.45;514.72;538.70;563.61;636.45;970.42,78;974.50,87;975.39,76;978.37,74;979.45,82;1039.41;1045.38;1046.34;1053.43;1574.47;2162.30;2163.48;2164.48;2165.49;2314.39;2334.47;2335.44;2376.70;2572.33;2575.35;2577.41;2578.35;2579.34;2580.38;2581.40;2582.37;2583.36;2584.35;2585.31;2586.33;2587.40;2588.35;2589.36;2590.36;2593.34;2594.34;2597.33;2600.30;2602.38;2603.40;2604.34;2686.52;3006.45;3280.34,54;3607.38,60;3608.39,61;3609.41,63;3610.35,57;3611.39,61;3681.43;3682.39;3683.39;3684.43;3685.42;3686.42;3687.34;3688.41;3691.43;3692.41;3693.39;3694.42;3944.33;4473.34;4474.43;4475.32;4485.53;4486.50;4487.58;4584.130;4585.128;4588.147;4590.128;4605.43,65;4650.51;4652.37;4653.40;4654.40;4917.56;4918.62;4920.57;4921.59
zone:22.2474,2573;26.5147;108.2438;138.4161;142.208;161.2610;165.297;169.1252;192.954;272.117;310.22611,23361,26919;311.1709;319.9441,9604;320.148;412.594;431.300;446.2083;447.5830,6546;448.564,1137;449.1599,2652;451.2355;452.1040,1418;453.1191,1854,1879;454.548;501.10815,16091,16903;508.89;675.7111;761.164;772.3055;787.143;1082.1241;1083.4981;1197.133;1231.2998,3094;1273.2712;1291.774;1297.599,2236,2592,2753;1306.518;1335.157,498;1351.154;1409.4693;1473.380;1563.15794;1586.288;1611.1154;1666.473;1669.3066;1672.5328;1850.11696;2024.9889;2050.1717,2072;2059.5178;2126.5630;2163.3428,3444,3459;2196.3780;2199.6717,17257;2200.20694;2202.2039,2118,8818,8896;2206.11897;2208.3404,3483;2210.3996;2211.878,1275;2213.1258,1376;2267.523;2382.4935;2452.4537;2512.1757;2518.17575;2521.2141,3964,4161;2555.736;2556.1817;2557.1952;2558.1927;2560.1427;2563.3802;2702.308;2703.458;2712.596;2714.567;2719.353;2720.809;2726.583;2728.363;2729.1214;2733.534;2736.3489;2739.1838;2744.851;2745.253;2748.526;2751.717;2752.948;2754.733;2759.972;2760.544;2761.839;2768.674;2770.1014;2776.363,913;2779.295;2783.596;2785.383;2791.4301;2795.626;2800.577;2801.2511;2802.1049;2803.156;2809.522;2812.481;2814.668;2817.773;2818.912;2822.944;2823.1229;2825.958;2827.977,2319;2828.1541;2831.908;2834.2667;2841.542;2847.680;2848.221;2854.963,1068;2857.1317;2858.1429;2859.933;2863.714;2868.1236;2869.936;2872.700;2876.880;2883.1813;2885.232;2886.273;2887.424;2897.1050;2908.1942;2917.863,7545,7625;2918.373;2925.22522,24972,26066;3047.2805,5297;3048.4966;3050.3960;3051.3770;3052.4644,4796,4867;3053.1302;3054.8812,9263;3055.3944;3056.1414,2403;3057.2161;3058.1363,3939;3059.3128;3060.3269;3061.1324,1414;3062.2614;3063.2175;3064.1542,4858;3065.1675,3966;3066.1389;3067.1148,3262,3456,5084,6261;3076.237;3162.399;3177.984;3193.338;3247.390;3391.243;3433.224;3444.2641;3447.124;3495.5062;3500.144;3542.734;3543.2846;3545.1342;3597.176;3618.793;3622.1005;3637.6321;3647.10297;3685.177;3747.4431;3760.980;3761.702;3762.826;3763.1211,1286;3764.941;3765.1489,1516;3766.1007,1060;3767.855;3768.825,873;3769.757;3770.982;3771.1116;3772.930;3773.902;3774.887;3775.909;3776.1014,1065;3777.852;3778.915;3779.1055;3780.892;3781.862;3782.1031;3783.2270;3784.737;3787.946;3788.1174;3789.877;3790.935;3791.833;3793.1055;3794.736;3795.1548;3796.825;3797.823;3798.1621;3799.755;3800.1063;3802.546;3803.973;3804.1108;3805.949;3806.717;3808.862;3809.1192;3810.1213;3811.984;3812.768;3813.684;3814.1567;3815.1182;3816.909;3817.684;3818.1019;3819.918;3820.1098;3822.866;3823.2220;3824.772;3825.847;3828.1101;3834.1120;3836.1111;3837.961;3838.848;3839.1121,1148;3840.753;3841.967;3842.1158;3843.1022;3844.761;3845.955;3846.1158;3847.1035;3848.1021;3849.835;3880.3554;3904.2923,3017;3905.2023,2117;3906.8206;3907.243,337,937,1031;3944.8083;3963.1259;4651.3437,10829;4653.1122,2089,2388,2664,4084;4654.654,857,3853,3902;4700.16092;4732.141;4735.1180;4746.14371;4857.15449;4940.5950,5970;4950.4932;4961.19336;4967.6821;4968.5822;4982.9071
zmh:30.826;301.240;336.275;361.11422;362.4920;1239.435;1480.144;1632.5461;2024.114;2108.994;2110.3236;2196.553;2197.467;2198.128;2199.5439;2200.282;2201.310;2202.268;2203.279;2204.115;2205.105;2206.439;2207.129;2208.305;2210.10375;2211.259;2380.178;3013.138;3024.1192
zoogeograph:30.7664;804.278;1519.6720
zoogeographi:30.7715;1519.5454;2202.6929
zoigeensi:71.8569
zrc:74.229;209.1464;210.538;1174.219;1930.621;2021.252;2583.1520;3161.90;3162.631;3904.1090;3905.497;3906.450;3908.113;3971.370;4578.220
zoolog:75.3714;166.778;209.11453;210.10384;373.556;491.4508;655.115;715.229;1004.344;1012.471;1185.178;1186.1758;1188.2989;1419.95;1431.1202;1485.5213;1513.1144;1528.518;1558.356;1596.88;1919.3104;1931.720;1943.930;1947.788;1949.1131;2084.1819;2118.1673;2168.337;2177.307;2216.206;2217.209;2218.249;2219.177;2221.166;2222.172;2223.169;2225.168;2226.168;2227.208;2228.172;2229.165;2230.167;2232.171;2233.164;2234.160;2358.6680;2378.5331;2379.5244;2594.1759;2634.1756;3026.399;3034.1963;3109.630;3300.168;3346.8721;3370.6419;3383.236;3585.130;3587.158;3588.144;3589.1443;3593.520;3613.186;3634.275;3638.232;3647.2050;3717.166;3743.555;3940.5005;4483.3437;4593.1084;4677.370;4679.510;4911.478;4934.10508
zmuc:87.739;1109.349;1419.196;2108.682;2109.1808;2110.1693;2111.683;2163.1551;2164.607;2165.1008;2356.13844;2893.90;3228.190;3940.681;3960.370;4744.11783;4746.1726;4752.1710;4754.157;4755.249;4756.219;4758.207;4760.86;4776.62;4782.252;4787.303;4792.144;4797.76;4816.255;4821.258;4822.56;4823.77;4825.263;4828.71;4829.84
zmas:108.1663;1482.954;1901.2909;1902.4180;1905.3508
zompro:108.1801;111.154;117.257;128.558;136.309;138.677;139.4391;144.892;148.130;149.23;150.245;152.598;157.505
zool:138.1156;178.96;288.104;289.41;290.35;381.111;642.63;722.34;1127.69;1276.145;1367.73;1371.111;1386.89;1411.97;1418.115;1422.86;1453.92;1604.146;1647.45;2318.45;2362.1509;2364.7144;3022.83;3304.70;3355.86;3441.47;3515.55;3520.362;3920.99;4930.46
zou:188.940;196.828;3489.1313;4978.9928
zootaxa:214.542;1136.65;1140.47;1141.47;4484.302
zolling:249.109
zona:306.166;2160.3485;2277.12;4564.688;4612.6860;4651.2112;4886.3210
zomba:319.835
zoologisch:349.1337;1929.872;2693.2435;3227.367
zma:361.10889;362.3993;1859.492;1866.451;1874.278;2261.3579;2262.601;3024.674;3348.82;3841.1329;4910.736
zmb:378.4592;553.93;723.51;776.353;1156.891;1160.680;1458.409;2108.987;2110.3229;2200.7877;2206.2980;2236.364;2297.10679;2374.266;3180.47;4462.114;4486.8086
zolnerovich:422.6596
zor:458.1484
zoologia:467.490;2925.31702;4962.2169
zmum:499.1204;3722.281;4602.218;4865.210;4868.186;4871.161;4874.227
zoo:549.1109;896.113;1291.1464
zmmu:560.188;758.878;1280.791;1451.1835;2168.162;3253.296;3632.915;3939.228;4484.2241;4869.154
zooplankton:606.19853;1076.2693;4521.1297;4530.1492
zonat:772.250;1268.852;2925.41988;3054.9337;4746.7738
zoku:794.55
zoarcina:798.11467
zoacina:798.11655
zoarc:798.11670
zoarcid:798.13413
zoea:1075.2799;3916.425
zooid:1082.783;1735.925,1471;1736.769;1737.820;1742.1169;1743.227;1744.515;1745.1079;1746.522;1747.450;1748.368;1749.779;1750.653;1754.456;1758.357,442;1760.622;1761.553;1762.506;1763.1325;1764.1335;1765.623;1766.431;1767.644;1768.747;1769.775;1770.1295;1771.791;1772.716;1773.569;1775.626;1776.390;1777.752;1778.447,1871;1779.589;1780.695;1793.824;1824.615;1825.549;1826.374;3003.539
zmhb:1091.451;1093.380;1117.416;1353.741;1482.1323;1494.967;2336.2832;2356.2472;3596.166;3939.5747
zmbh:1091.3778;2430.554
zodarion:1215.0;1216.0;1217.0;1218.0;1219.0;1222.0;1223.0;1224.0;1225.0;1831.4077;2543.0;2544.0;3850.6
zodariid:1225.2349
zolotyi:1451.1508
zoognosia:1490.51
zoom:1534.2023
zonstein:1542.227
zoocecidia:1610.1456;1615.1384
zoologist:1676.3406;2943.93
zorrito:1733.2617
zlmu:1879.6619
zmuh:1929.426;1941.2739;2016.1163
zmhu:1934.2145;2027.751
zopyrus:1963.16
zoarcida:2024.11224
zorida:2113.0
zonza:2193.1294
zonali:2277.12
zonal:2277.12
zjuh:2292.169;2696.407;3569.12431
zookey:2333.1245
zopilot:2429.3229
zouhari:2454.16
zongo:2518.16856
zonuledo:2629.79;2650.74
zombori:2637.24;2662.16;2668.17;2669.91;2683.20;2690.129
zonula:2650.84
zougupo:2706.-1;2712.-1;2727.-1;2734.-1;2737.-1;2739.-1;2741.-1;2742.-1;2743.-1;2756.-1;2768.-1;2769.-1;2771.-1;2772.-1;2792.-1;2799.-1;2807.-1;2820.-1;2824.-1;2825.-1;2827.-1;2832.-1;2834.-1;2839.-1;2847.-1;2849.-1;2851.-1;2861.-1;2868.-1;2887.-1;2889.-1;2890.-1;2893.-1;2903.-1;2906.-1;2912.-1;2919.-1
zougu:2710.359;2723.379;2739.843;2743.246;2774.299;2776.415;2801.163;2802.166;2805.162;2821.309;2824.330;2827.326;2831.389;2834.491;2912.428;2913.367;2919.325;2920.187;2922.99;2924.210
zougpo:2824.-1
zoologi:2925.31395
zoolgico:2925.-1
zoologicheskii:2925.39899
zoologiqu:2925.42645
zoolo:2925.31395
zrich:2925.-1
zman:2931.291
zlck:2945.872
zomozi:2952.373
zoantharia:2993.30
zoologischen:3128.2779
zonen:3295.1207;3643.782
zonata:3370.10943
zoospermatophag:3375.246
zoanthus:3439.564
zooxanthel:3439.766;3581.718
zoantharian:3439.898
zlatograd:3497.2165
zonulus:3584.87
zmuu:3632.65
zotta:3673.340
zorina:3708.3604
zour:3789.934
zlatica:3826.1320
zle:3837.-1
zodariina:3850.151
zrate:3861.-1;3882.-1;3889.-1
zorrillo:3865.334
zorra:3873.2447
zlman:3957.-1
zonatopunctata:4167.13
zoologicus:4419.3423
zoobotryon:4507.1812,2133,2214
zoomabl:4541.9016
zryanin:4617.1177
zmun:4653.2411
zottig:4875.147,939
zoutpan:4940.12786;4975.5840