zweig:11.151;2185.175;3424.125
zum:11.233;1366.727;1499.114;2185.1139;2542.63;2946.782,989,1511;2949.1572;2950.1121;2954.906,1303,1591,2530;2955.795,993,1090;2956.1099;2957.1177;2965.432;3071.731;3275.1257;3528.650,1341;3529.1127,1623;3530.1751,2377;3532.1122,1664;3533.1197;3534.3032,3152,4776,4862;3535.356;3536.780;3537.1306;3538.1141;4736.144
zurueckgebogen:11.1227,2172,2488;1255.661
zur:11.1227,1268,2089,2172;782.351;1251.731;1604.1333,1600;1917.3509,3829;2009.2852;2937.630;2951.866;2952.1895;2955.1547;2956.2107;2965.399,1684,1721,1967,2924,4129;3075.2133;3422.257;3528.728,747,818,2002,3374,3410,3526;3529.2523;3531.2878;3532.631,2050,2947,3241,3440;3534.113,2939;4481.692;4567.88;4733.1150;4875.223,1033,2145
zumbador:48.1881
zsm:83.7418;391.4118;395.4791;1086.20475;1136.167;1140.169;1141.138;1241.128;1368.171;1409.1514;1522.2016;1595.1496;2161.1267;2251.541;2320.4471;3166.1241;3169.1453;3227.1548;3700.157;3948.2090;4696.442;4702.92
zsisch:108.-1;138.-1;142.-1;151.-1;153.-1;157.-1,-1,-1,-1
zsmc:112.233;115.285;119.2205;135.217;140.238;141.241;142.2970;155.184;156.246;2588.1300;2598.1401;2602.1257;4940.11156;4946.13550;4951.7851;4955.5156;4956.6959;4958.10530;4961.9511;4963.6363;4973.6349;4982.9112;4983.6901
zucht:129.1690
zygosi:216.0
zygomat:224.11477;226.6640;310.25308;1563.9127;4548.3306;4549.3273;4550.4052
zygoma:226.1763,6731,13450;228.2107,2865
zygomaticus:228.3627
zykovi:239.336,906
zwischen:258.127;728.452;764.192,321,630;1272.1058;1310.267;1366.906,956;1917.2572;2197.2044;2200.28950;2937.299;2953.2325;2965.2138;3124.1192;3128.997;3199.1573;3205.308;3245.970,1408;3528.1188;3529.698;3530.1214;3531.876;3532.1247;3533.961;3534.3061;3535.914;3536.982;3537.718,1064;4683.1779
zytologisch:276.605;421.542;444.643;502.866;590.448;782.761;1244.456;1255.764;1272.460;1310.662;1333.238;1366.487;1483.679;1917.2544;2185.865;2937.798;2980.445;3071.917;3075.852;3124.889;3199.913,1853;3205.401;3215.1055;3216.654;3221.989;3245.1986;3275.801;3295.934;3365.865;3422.964;3424.600;3436.692;3510.1082;3643.492;3646.395;4481.826;4683.786
zuniga:422.6044;3352.1606
zugespitzt:444.170;502.542,639;2009.2307;3075.235;3221.408,942;4736.904
zustak:601.1130
zurza:604.858
zwarg:633.91
zusaetzlich:687.395
zwei:687.468;728.136;764.1452;2946.623;2948.779;2954.1204;2955.486,653,846;2957.952,1156;2965.768,1606,3112;3033.768;3330.486,600;3465.1608;3528.3184;3529.2760;3531.592,2663;3534.2889;3535.2617;4567.39;4735.866,1007
zurima:725.151
zweimal:728.857
zweit:728.924;1522.172;2946.797;2948.1499;2954.1637;2955.846;3330.600
zsi:766.199;1850.265;1862.282;1877.210;2358.322;2376.2491;3161.669;4494.5598
zucc:1058.8876;3339.818;3582.4425;3586.3763;3588.4238;3589.7229;3595.5344
zschokkella:1119.0
zygaena:1120.3106
zulu:1154.3465;3280.1093,2464
zululand:1156.1988;4940.13123;4949.9580;4956.6879;4984.6113;4985.6640
zypern:1244.1047
zylindrischen:1251.95
zusammen:1272.1220;1561.1408;1917.2328;2946.2111;2954.2128;2955.2061;2956.2305;2957.2804;3128.2271;3534.5383;4875.851
zygodontomi:1279.0
zygodont:1279.0
zwijndrecht:1280.2068
zweifelhaft:1333.834
zusammenhaengend:1366.650
zygina:1419.2735
zuccarini:1446.4385
zunehmend:1561.1262
zugepitzt:1561.1358
zwar:1561.1946;1604.2140,3247;1917.3541;2965.743
zuerst:1604.194;2955.896;3422.224;3424.273;4875.791,844
zugesetzt:1604.399
zweifel:1604.436
zusammenfaellt:1604.1525
zusammengesetzt:1626.352
zygomorph:1626.683
zudem:1917.3243
zuspitzung:1917.3883
zygapophys:1964.2509;1996.36133;4702.991
zusammengedraengt:2009.883
zukommt:2009.1261
zygogeomi:2032.28
zurqui:2130.6267
zweigen:2185.175
zuanon:2297.16253;2299.10721
zufm:2300.20287
zsik:2376.2491
zumpango:2429.1184
zuo:2696.2560
zweiten:2946.797,1271;2957.1156
zusammengedrckt:2946.-1;2955.-1;2956.-1
zylindrisch:2948.990;3436.323;3535.1251;3536.1388
zustzlich:2956.-1;3532.-1;3533.-1;3534.-1
zusammengezogen:3075.387;4683.423
zusammenstellung:3075.993
zunhebotoensi:3127.11078
zurueckgebildet:3128.1340,1958
zti:3178.1568
zungenfoermig:3205.264;3436.522
zungen:3205.264;3530.961
zusammengestellt:3216.873
zygophyllacea:3262.434
zygophyllum:3262.450
zugespitzten:3330.536
zylindrischem:3365.106
zugehoerigen:3422.911
zurueckgerollt:3436.590
zung:3436.607
zungenfrmigem:3530.-1
zusammenfliessenden:3531.1764;3535.1830;3536.1805
zwischenrum:3537.-1
zweifarbigen:3537.2424
zvolen:3621.258
zuerich:3646.961
zuidwold:3785.2456
zweigeteilt:3942.76
zvonkov:3951.847
zwiesenstein:3957.1276
zukowcensi:4098.10
zunino:4120.620
zuschin:4406.1804
zuec:4564.550
zuge:4567.34
zweier:4567.39
zugriff:4570.399
zumindest:4570.430
zustndigen:4570.-1
zumba:4612.6535
zug:4674.11858
zytogenetischen:4683.2301
zumbado:4888.3922